numNode  100
numDrone 2
# DRONE FLIGHT TIME
request_id   tau_in  tau_out
         1        4        4
         2        4        4
         3        4        4
         4        7        7
         5        6        6
         6        6        6
         7        4        4
         8        4        4
         9        -        -
        10        5        5
        11        3        3
        12        6        6
        13        3        3
        14        4        4
        15        4        4
        16        4        4
        17        5        5
        18        6        6
        19        3        3
        20        6        6
        21        5        5
        22        -        -
        23        3        3
        24        4        4
        25        5        5
        26        6        6
        27        4        4
        28        5        5
        29        3        3
        30        6        6
        31        7        7
        32        7        7
        33        5        5
        34        5        5
        35        3        3
        36        6        6
        37        6        6
        38        -        -
        39        6        6
        40        7        7
        41        6        6
        42        6        6
        43        8        8
        44        4        4
        45        6        6
        46        5        5
        47        4        4
        48        5        5
        49        5        5
        50        4        4
        51        4        4
        52        -        -
        53        3        3
        54        4        4
        55        4        4
        56        5        5
        57        3        3
        58        3        3
        59        3        3
        60        4        4
        61        6        6
        62        6        6
        63        6        6
        64        6        6
        65        4        4
        66        -        -
        67        3        3
        68        3        3
        69        -        -
        70        8        8
        71        6        6
        72        5        5
        73        5        5
        74        -        -
        75        6        6
        76        4        4
        77        -        -
        78        -        -
        79        6        6
        80        -        -
        81        3        3
        82        3        3
        83        3        3
        84        6        6
        85        6        6
        86        6        6
        87        5        5
        88        4        4
        89        6        6
        90        6        6
        91        6        6
        92        3        3
        93        6        6
        94        7        7
        95        6        6
        96        3        3
        97        6        6
        98        3        3
        99        -        -
       100        5        5
# TRUCK TIME MATRIX
0.00 3620.70 4048.07 4048.07 9051.75 6527.31 8096.13 3620.70 4048.07 2560.22 5120.44 1810.35 8096.13 1810.35 4048.07 4048.07 4048.07 5431.05 7464.26 1810.35 8096.13 5724.83 4048.07 2560.22 4048.07 5431.05 6527.31 3620.70 5724.83 1810.35 8096.13 9749.03 9051.75 5120.44 5724.83 1810.35 6527.31 6527.31 4048.07 6527.31 9749.03 7680.66 8096.13 10556.06 4048.07 7464.26 5431.05 3620.70 5724.83 5724.83 3620.70 3620.70 3620.70 1810.35 4048.07 4048.07 5724.83 1810.35 1810.35 1810.35 4048.07 6527.31 7680.66 7680.66 7680.66 4048.07 3620.70 2560.22 1810.35 11591.90 10240.89 6527.31 5120.44 5120.44 7680.66 6527.31 3620.70 7464.26 10240.89 6527.31 2560.22 1810.35 2560.22 1810.35 6527.31 8096.13 6527.31 5431.05 3620.70 6527.31 6527.31 6527.31 2560.22 7680.66 9051.75 7680.66 1810.35 8096.13 1810.35 10240.89 5431.05 
3620.70 0.00 1810.35 1810.35 7464.26 9749.03 10240.89 5120.44 4048.07 2560.22 8096.13 4048.07 11449.66 4048.07 1810.35 1810.35 1810.35 1810.35 4048.07 4048.07 10240.89 7680.66 4048.07 2560.22 1810.35 1810.35 4048.07 5120.44 2560.22 5431.05 5120.44 6527.31 7464.26 8096.13 2560.22 5431.05 5431.05 9749.03 4048.07 9749.03 6527.31 10556.06 5120.44 7680.66 7464.26 4048.07 1810.35 0.00 9231.01 9231.01 7241.40 7241.40 7241.40 5431.05 4048.07 7464.26 9231.01 5431.05 4048.07 5431.05 7464.26 4048.07 5724.83 5724.83 5724.83 4048.07 7241.40 5724.83 5431.05 9051.75 8096.13 9051.75 8096.13 8096.13 10556.06 9051.75 5120.44 4048.07 8096.13 9051.75 5724.83 4048.07 2560.22 4048.07 4048.07 5120.44 4048.07 6527.31 5120.44 4048.07 4048.07 4048.07 5724.83 5724.83 7464.26 5724.83 4048.07 10240.89 4048.07 8096.13 6527.31 
4048.07 1810.35 0.00 3620.70 9231.01 9231.01 9051.75 6527.31 5724.83 1810.35 7464.26 3620.70 11011.93 3620.70 0.00 0.00 0.00 2560.22 5120.44 3620.70 9051.75 6527.31 2560.22 1810.35 0.00 2560.22 5724.83 4048.07 4048.07 5724.83 6527.31 7680.66 9231.01 7464.26 4048.07 5724.83 7241.40 9231.01 2560.22 9231.01 7680.66 9749.03 6527.31 9051.75 8096.13 5120.44 2560.22 1810.35 9051.75 9051.75 7464.26 7464.26 7464.26 5724.83 5724.83 7241.40 9051.75 5724.83 5120.44 5724.83 7241.40 5724.83 7464.26 7464.26 7464.26 5724.83 7464.26 6527.31 5724.83 10556.06 9749.03 10240.89 9051.75 9051.75 11591.90 10240.89 4048.07 5120.44 9749.03 10240.89 6527.31 5120.44 1810.35 3620.70 5724.83 6527.31 5724.83 5120.44 4048.07 5724.83 5724.83 5724.83 6527.31 7464.26 9231.01 7464.26 3620.70 9051.75 5120.44 9749.03 5120.44 
4048.07 1810.35 3620.70 0.00 5724.83 10556.06 11591.90 4048.07 2560.22 4048.07 9051.75 5120.44 12144.20 5120.44 3620.70 3620.70 3620.70 2560.22 3620.70 5120.44 11591.90 9051.75 5724.83 4048.07 3620.70 2560.22 2560.22 6527.31 1810.35 5724.83 4048.07 5724.83 5724.83 9051.75 1810.35 5724.83 3620.70 10556.06 5724.83 10556.06 5724.83 11591.90 4048.07 6527.31 7241.40 3620.70 2560.22 1810.35 9749.03 9749.03 7464.26 7464.26 7464.26 5724.83 2560.22 8096.13 9749.03 5724.83 3620.70 5724.83 8096.13 2560.22 4048.07 4048.07 4048.07 2560.22 7464.26 5431.05 5724.83 7680.66 6527.31 8096.13 7464.26 7464.26 9749.03 8096.13 6527.31 3620.70 6527.31 8096.13 5431.05 3620.70 4048.07 5120.44 2560.22 4048.07 2560.22 8096.13 6527.31 2560.22 2560.22 2560.22 5431.05 4048.07 5724.83 4048.07 5120.44 11591.90 3620.70 6527.31 8096.13 
9051.75 7464.26 9231.01 5724.83 0.00 15361.33 17078.81 6527.31 5120.44 9749.03 14139.29 10556.06 16690.60 10556.06 9231.01 9231.01 9231.01 7241.40 5724.83 10556.06 17078.81 14595.51 11449.66 9749.03 9231.01 7241.40 3620.70 12144.20 5431.05 10240.89 4048.07 5120.44 0.00 14139.29 5431.05 10240.89 2560.22 15361.33 11449.66 15361.33 5120.44 16690.60 4048.07 4048.07 10556.06 5724.83 7241.40 7464.26 14139.29 14139.29 11591.90 11591.90 11591.90 10240.89 5120.44 12801.11 14139.29 10240.89 7680.66 10240.89 12801.11 3620.70 1810.35 1810.35 1810.35 5120.44 11591.90 9051.75 10240.89 3620.70 1810.35 9231.01 9749.03 9749.03 11011.93 9231.01 12144.20 5724.83 1810.35 9231.01 9051.75 7680.66 9749.03 10556.06 3620.70 4048.07 3620.70 13787.22 12144.20 3620.70 3620.70 3620.70 9051.75 1810.35 0.00 1810.35 10556.06 17078.81 7680.66 1810.35 13787.22 
6527.31 9749.03 9231.01 10556.06 15361.33 0.00 4048.07 9051.75 10240.89 7464.26 1810.35 5724.83 1810.35 5724.83 9231.01 9231.01 9231.01 11449.66 13787.22 5724.83 4048.07 4048.07 7241.40 7464.26 9231.01 11449.66 13054.62 5431.05 12144.20 5120.44 14595.51 16192.26 15361.33 1810.35 12144.20 5120.44 12801.11 0.00 7241.40 0.00 16192.26 1810.35 14595.51 17078.81 5724.83 13787.22 11449.66 9749.03 1810.35 1810.35 4048.07 4048.07 4048.07 5120.44 10240.89 2560.22 1810.35 5120.44 7680.66 5120.44 2560.22 13054.62 14139.29 14139.29 14139.29 10240.89 4048.07 6527.31 5120.44 18103.50 16690.60 9231.01 7464.26 7464.26 9051.75 9231.01 5431.05 13787.22 16690.60 9231.01 6527.31 7680.66 7464.26 5724.83 13054.62 14595.51 13054.62 5724.83 5431.05 13054.62 13054.62 13054.62 6527.31 14139.29 15361.33 14139.29 5724.83 4048.07 7680.66 16690.60 5724.83 
8096.13 10240.89 9051.75 11591.90 17078.81 4048.07 0.00 11449.66 12144.20 7680.66 3620.70 6527.31 5120.44 6527.31 9051.75 9051.75 9051.75 11591.90 14139.29 6527.31 0.00 2560.22 6527.31 7680.66 9051.75 11591.90 14139.29 5120.44 12801.11 7464.26 15361.33 16690.60 17078.81 3620.70 12801.11 7464.26 14595.51 4048.07 6527.31 4048.07 16690.60 2560.22 15361.33 17921.55 9051.75 14139.29 11591.90 10240.89 5724.83 5724.83 7241.40 7241.40 7241.40 7464.26 12144.20 5431.05 5724.83 7464.26 9749.03 7464.26 5431.05 14139.29 15573.22 15573.22 15573.22 12144.20 7241.40 9231.01 7464.26 19244.28 18103.50 12672.45 10862.10 10862.10 12801.11 12672.45 5120.44 14139.29 18103.50 12672.45 9231.01 9749.03 7680.66 6527.31 14139.29 15361.33 14139.29 4048.07 5120.44 14139.29 14139.29 14139.29 9231.01 15573.22 17078.81 15573.22 6527.31 0.00 9749.03 18103.50 4048.07 
3620.70 5120.44 6527.31 4048.07 6527.31 9051.75 11449.66 0.00 1810.35 5724.83 8096.13 5431.05 10240.89 5431.05 6527.31 6527.31 6527.31 6527.31 7464.26 5431.05 11449.66 9231.01 7464.26 5724.83 6527.31 6527.31 5431.05 7241.40 5724.83 4048.07 7241.40 9051.75 6527.31 8096.13 5724.83 4048.07 4048.07 9051.75 7464.26 9051.75 9051.75 10556.06 7241.40 9231.01 4048.07 7464.26 6527.31 5120.44 7680.66 7680.66 5120.44 5120.44 5120.44 4048.07 1810.35 6527.31 7680.66 4048.07 1810.35 4048.07 6527.31 5431.05 5724.83 5724.83 5724.83 1810.35 5120.44 2560.22 4048.07 9749.03 8096.13 4048.07 3620.70 3620.70 5724.83 4048.07 7241.40 7464.26 8096.13 4048.07 2560.22 1810.35 5724.83 5431.05 5431.05 7241.40 5431.05 9051.75 7241.40 5431.05 5431.05 5431.05 2560.22 5724.83 6527.31 5724.83 5431.05 11449.66 1810.35 8096.13 9051.75 
4048.07 4048.07 5724.83 2560.22 5120.44 10240.89 12144.20 1810.35 0.00 5431.05 9051.75 5724.83 11591.90 5724.83 5724.83 5724.83 5724.83 5120.44 5724.83 5724.83 12144.20 9749.03 7241.40 5431.05 5724.83 5120.44 3620.70 7464.26 4048.07 5120.44 5431.05 7241.40 5120.44 9051.75 4048.07 5120.44 2560.22 10240.89 7241.40 10240.89 7241.40 11591.90 5431.05 7464.26 5724.83 5724.83 5120.44 4048.07 9051.75 9051.75 6527.31 6527.31 6527.31 5120.44 0.00 7680.66 9051.75 5120.44 2560.22 5120.44 7680.66 3620.70 4048.07 4048.07 4048.07 0.00 6527.31 4048.07 5120.44 8096.13 6527.31 5724.83 5431.05 5431.05 7464.26 5724.83 7464.26 5724.83 6527.31 5724.83 4048.07 2560.22 5431.05 5724.83 3620.70 5431.05 3620.70 9231.01 7464.26 3620.70 3620.70 3620.70 4048.07 4048.07 5120.44 4048.07 5724.83 12144.20 2560.22 6527.31 9231.01 
2560.22 2560.22 1810.35 4048.07 9749.03 7464.26 7680.66 5724.83 5431.05 0.00 5724.83 1810.35 9231.01 1810.35 1810.35 1810.35 1810.35 4048.07 6527.31 1810.35 7680.66 5120.44 1810.35 0.00 1810.35 4048.07 6527.31 2560.22 5120.44 4048.07 7680.66 9051.75 9749.03 5724.83 5120.44 4048.07 7464.26 7464.26 1810.35 7464.26 9051.75 8096.13 7680.66 10240.89 6527.31 6527.31 4048.07 2560.22 7241.40 7241.40 5724.83 5724.83 5724.83 4048.07 5431.05 5431.05 7241.40 4048.07 4048.07 4048.07 5431.05 6527.31 8096.13 8096.13 8096.13 5431.05 5724.83 5120.44 4048.07 11591.90 10556.06 9051.75 7680.66 7680.66 10240.89 9051.75 2560.22 6527.31 10556.06 9051.75 5120.44 4048.07 0.00 1810.35 6527.31 7680.66 6527.31 4048.07 2560.22 6527.31 6527.31 6527.31 5120.44 8096.13 9749.03 8096.13 1810.35 7680.66 4048.07 10556.06 4048.07 
5120.44 8096.13 7464.26 9051.75 14139.29 1810.35 3620.70 8096.13 9051.75 5724.83 0.00 4048.07 3620.70 4048.07 7464.26 7464.26 7464.26 9749.03 12144.20 4048.07 3620.70 2560.22 5431.05 5724.83 7464.26 9749.03 11591.90 3620.70 10556.06 4048.07 13054.62 14595.51 14139.29 0.00 10556.06 4048.07 11591.90 1810.35 5431.05 1810.35 14595.51 2560.22 13054.62 15573.22 5431.05 12144.20 9749.03 8096.13 2560.22 2560.22 3620.70 3620.70 3620.70 4048.07 9051.75 1810.35 2560.22 4048.07 6527.31 4048.07 1810.35 11591.90 12801.11 12801.11 12801.11 9051.75 3620.70 5724.83 4048.07 16690.60 15361.33 9051.75 7241.40 7241.40 9231.01 9051.75 3620.70 12144.20 15361.33 9051.75 5724.83 6527.31 5724.83 4048.07 11591.90 13054.62 11591.90 4048.07 3620.70 11591.90 11591.90 11591.90 5724.83 12801.11 14139.29 12801.11 4048.07 3620.70 6527.31 15361.33 4048.07 
1810.35 4048.07 3620.70 5120.44 10556.06 5724.83 6527.31 5431.05 5724.83 1810.35 4048.07 0.00 7464.26 0.00 3620.70 3620.70 3620.70 5724.83 8096.13 0.00 6527.31 4048.07 2560.22 1810.35 3620.70 5724.83 7680.66 1810.35 6527.31 2560.22 9051.75 10556.06 10556.06 4048.07 6527.31 2560.22 8096.13 5724.83 2560.22 5724.83 10556.06 6527.31 9051.75 11591.90 5120.44 8096.13 5724.83 4048.07 5431.05 5431.05 4048.07 4048.07 4048.07 2560.22 5724.83 3620.70 5431.05 2560.22 3620.70 2560.22 3620.70 7680.66 9051.75 9051.75 9051.75 5724.83 4048.07 4048.07 2560.22 12801.11 11591.90 8096.13 6527.31 6527.31 9051.75 8096.13 1810.35 8096.13 11591.90 8096.13 4048.07 3620.70 1810.35 0.00 7680.66 9051.75 7680.66 3620.70 1810.35 7680.66 7680.66 7680.66 4048.07 9051.75 10556.06 9051.75 0.00 6527.31 3620.70 11591.90 3620.70 
8096.13 11449.66 11011.93 12144.20 16690.60 1810.35 5120.44 10240.89 11591.90 9231.01 3620.70 7464.26 0.00 7464.26 11011.93 11011.93 11011.93 13179.55 15467.64 7464.26 5120.44 5724.83 9051.75 9231.01 11011.93 13179.55 14595.51 7241.40 13787.22 6527.31 16192.26 17829.88 16690.60 3620.70 13787.22 6527.31 14139.29 1810.35 9051.75 1810.35 17829.88 2560.22 16192.26 18638.69 6527.31 15467.64 13179.55 11449.66 2560.22 2560.22 5120.44 5120.44 5120.44 6527.31 11591.90 4048.07 2560.22 6527.31 9051.75 6527.31 4048.07 14595.51 15573.22 15573.22 15573.22 11591.90 5120.44 7680.66 6527.31 19581.93 18103.50 9749.03 8096.13 8096.13 9231.01 9749.03 7241.40 15467.64 18103.50 9749.03 7680.66 9051.75 9231.01 7464.26 14595.51 16192.26 14595.51 7464.26 7241.40 14595.51 14595.51 14595.51 7680.66 15573.22 16690.60 15573.22 7464.26 5120.44 9051.75 18103.50 7464.26 
1810.35 4048.07 3620.70 5120.44 10556.06 5724.83 6527.31 5431.05 5724.83 1810.35 4048.07 0.00 7464.26 0.00 3620.70 3620.70 3620.70 5724.83 8096.13 0.00 6527.31 4048.07 2560.22 1810.35 3620.70 5724.83 7680.66 1810.35 6527.31 2560.22 9051.75 10556.06 10556.06 4048.07 6527.31 2560.22 8096.13 5724.83 2560.22 5724.83 10556.06 6527.31 9051.75 11591.90 5120.44 8096.13 5724.83 4048.07 5431.05 5431.05 4048.07 4048.07 4048.07 2560.22 5724.83 3620.70 5431.05 2560.22 3620.70 2560.22 3620.70 7680.66 9051.75 9051.75 9051.75 5724.83 4048.07 4048.07 2560.22 12801.11 11591.90 8096.13 6527.31 6527.31 9051.75 8096.13 1810.35 8096.13 11591.90 8096.13 4048.07 3620.70 1810.35 0.00 7680.66 9051.75 7680.66 3620.70 1810.35 7680.66 7680.66 7680.66 4048.07 9051.75 10556.06 9051.75 0.00 6527.31 3620.70 11591.90 3620.70 
4048.07 1810.35 0.00 3620.70 9231.01 9231.01 9051.75 6527.31 5724.83 1810.35 7464.26 3620.70 11011.93 3620.70 0.00 0.00 0.00 2560.22 5120.44 3620.70 9051.75 6527.31 2560.22 1810.35 0.00 2560.22 5724.83 4048.07 4048.07 5724.83 6527.31 7680.66 9231.01 7464.26 4048.07 5724.83 7241.40 9231.01 2560.22 9231.01 7680.66 9749.03 6527.31 9051.75 8096.13 5120.44 2560.22 1810.35 9051.75 9051.75 7464.26 7464.26 7464.26 5724.83 5724.83 7241.40 9051.75 5724.83 5120.44 5724.83 7241.40 5724.83 7464.26 7464.26 7464.26 5724.83 7464.26 6527.31 5724.83 10556.06 9749.03 10240.89 9051.75 9051.75 11591.90 10240.89 4048.07 5120.44 9749.03 10240.89 6527.31 5120.44 1810.35 3620.70 5724.83 6527.31 5724.83 5120.44 4048.07 5724.83 5724.83 5724.83 6527.31 7464.26 9231.01 7464.26 3620.70 9051.75 5120.44 9749.03 5120.44 
4048.07 1810.35 0.00 3620.70 9231.01 9231.01 9051.75 6527.31 5724.83 1810.35 7464.26 3620.70 11011.93 3620.70 0.00 0.00 0.00 2560.22 5120.44 3620.70 9051.75 6527.31 2560.22 1810.35 0.00 2560.22 5724.83 4048.07 4048.07 5724.83 6527.31 7680.66 9231.01 7464.26 4048.07 5724.83 7241.40 9231.01 2560.22 9231.01 7680.66 9749.03 6527.31 9051.75 8096.13 5120.44 2560.22 1810.35 9051.75 9051.75 7464.26 7464.26 7464.26 5724.83 5724.83 7241.40 9051.75 5724.83 5120.44 5724.83 7241.40 5724.83 7464.26 7464.26 7464.26 5724.83 7464.26 6527.31 5724.83 10556.06 9749.03 10240.89 9051.75 9051.75 11591.90 10240.89 4048.07 5120.44 9749.03 10240.89 6527.31 5120.44 1810.35 3620.70 5724.83 6527.31 5724.83 5120.44 4048.07 5724.83 5724.83 5724.83 6527.31 7464.26 9231.01 7464.26 3620.70 9051.75 5120.44 9749.03 5120.44 
4048.07 1810.35 0.00 3620.70 9231.01 9231.01 9051.75 6527.31 5724.83 1810.35 7464.26 3620.70 11011.93 3620.70 0.00 0.00 0.00 2560.22 5120.44 3620.70 9051.75 6527.31 2560.22 1810.35 0.00 2560.22 5724.83 4048.07 4048.07 5724.83 6527.31 7680.66 9231.01 7464.26 4048.07 5724.83 7241.40 9231.01 2560.22 9231.01 7680.66 9749.03 6527.31 9051.75 8096.13 5120.44 2560.22 1810.35 9051.75 9051.75 7464.26 7464.26 7464.26 5724.83 5724.83 7241.40 9051.75 5724.83 5120.44 5724.83 7241.40 5724.83 7464.26 7464.26 7464.26 5724.83 7464.26 6527.31 5724.83 10556.06 9749.03 10240.89 9051.75 9051.75 11591.90 10240.89 4048.07 5120.44 9749.03 10240.89 6527.31 5120.44 1810.35 3620.70 5724.83 6527.31 5724.83 5120.44 4048.07 5724.83 5724.83 5724.83 6527.31 7464.26 9231.01 7464.26 3620.70 9051.75 5120.44 9749.03 5120.44 
5431.05 1810.35 2560.22 2560.22 7241.40 11449.66 11591.90 6527.31 5120.44 4048.07 9749.03 5724.83 13179.55 5724.83 2560.22 2560.22 2560.22 0.00 2560.22 5724.83 11591.90 9051.75 5120.44 4048.07 2560.22 0.00 3620.70 6527.31 1810.35 7241.40 4048.07 5120.44 7241.40 9749.03 1810.35 7241.40 5724.83 11449.66 5120.44 11449.66 5120.44 12144.20 4048.07 6527.31 9231.01 2560.22 0.00 1810.35 11011.93 11011.93 9051.75 9051.75 9051.75 7241.40 5120.44 9231.01 11011.93 7241.40 5724.83 7241.40 9231.01 3620.70 5431.05 5431.05 5431.05 5120.44 9051.75 7464.26 7241.40 8096.13 7464.26 10556.06 9749.03 9749.03 12144.20 10556.06 6527.31 2560.22 7464.26 10556.06 7464.26 5724.83 4048.07 5724.83 3620.70 4048.07 3620.70 7680.66 6527.31 3620.70 3620.70 3620.70 7464.26 5431.05 7241.40 5431.05 5724.83 11591.90 5724.83 7464.26 7680.66 
7464.26 4048.07 5120.44 3620.70 5724.83 13787.22 14139.29 7464.26 5724.83 6527.31 12144.20 8096.13 15467.64 8096.13 5120.44 5120.44 5120.44 2560.22 0.00 8096.13 14139.29 11591.90 7680.66 6527.31 5120.44 2560.22 2560.22 9051.75 1810.35 9231.01 1810.35 2560.22 5724.83 12144.20 1810.35 9231.01 5120.44 13787.22 7680.66 13787.22 2560.22 14595.51 1810.35 4048.07 10862.10 0.00 2560.22 4048.07 13179.55 13179.55 11011.93 11011.93 11011.93 9231.01 5724.83 11449.66 13179.55 9231.01 7241.40 9231.01 11449.66 2560.22 4048.07 4048.07 4048.07 5724.83 11011.93 9051.75 9231.01 5724.83 5431.05 11449.66 11011.93 11011.93 13179.55 11449.66 9051.75 0.00 5431.05 11449.66 9051.75 7241.40 6527.31 8096.13 2560.22 1810.35 2560.22 10240.89 9051.75 2560.22 2560.22 2560.22 9051.75 4048.07 5724.83 4048.07 8096.13 14139.29 7241.40 5431.05 10240.89 
1810.35 4048.07 3620.70 5120.44 10556.06 5724.83 6527.31 5431.05 5724.83 1810.35 4048.07 0.00 7464.26 0.00 3620.70 3620.70 3620.70 5724.83 8096.13 0.00 6527.31 4048.07 2560.22 1810.35 3620.70 5724.83 7680.66 1810.35 6527.31 2560.22 9051.75 10556.06 10556.06 4048.07 6527.31 2560.22 8096.13 5724.83 2560.22 5724.83 10556.06 6527.31 9051.75 11591.90 5120.44 8096.13 5724.83 4048.07 5431.05 5431.05 4048.07 4048.07 4048.07 2560.22 5724.83 3620.70 5431.05 2560.22 3620.70 2560.22 3620.70 7680.66 9051.75 9051.75 9051.75 5724.83 4048.07 4048.07 2560.22 12801.11 11591.90 8096.13 6527.31 6527.31 9051.75 8096.13 1810.35 8096.13 11591.90 8096.13 4048.07 3620.70 1810.35 0.00 7680.66 9051.75 7680.66 3620.70 1810.35 7680.66 7680.66 7680.66 4048.07 9051.75 10556.06 9051.75 0.00 6527.31 3620.70 11591.90 3620.70 
8096.13 10240.89 9051.75 11591.90 17078.81 4048.07 0.00 11449.66 12144.20 7680.66 3620.70 6527.31 5120.44 6527.31 9051.75 9051.75 9051.75 11591.90 14139.29 6527.31 0.00 2560.22 6527.31 7680.66 9051.75 11591.90 14139.29 5120.44 12801.11 7464.26 15361.33 16690.60 17078.81 3620.70 12801.11 7464.26 14595.51 4048.07 6527.31 4048.07 16690.60 2560.22 15361.33 17921.55 9051.75 14139.29 11591.90 10240.89 5724.83 5724.83 7241.40 7241.40 7241.40 7464.26 12144.20 5431.05 5724.83 7464.26 9749.03 7464.26 5431.05 14139.29 15573.22 15573.22 15573.22 12144.20 7241.40 9231.01 7464.26 19244.28 18103.50 12672.45 10862.10 10862.10 12801.11 12672.45 5120.44 14139.29 18103.50 12672.45 9231.01 9749.03 7680.66 6527.31 14139.29 15361.33 14139.29 4048.07 5120.44 14139.29 14139.29 14139.29 9231.01 15573.22 17078.81 15573.22 6527.31 0.00 9749.03 18103.50 4048.07 
5724.83 7680.66 6527.31 9051.75 14595.51 4048.07 2560.22 9231.01 9749.03 5120.44 2560.22 4048.07 5724.83 4048.07 6527.31 6527.31 6527.31 9051.75 11591.90 4048.07 2560.22 0.00 4048.07 5120.44 6527.31 9051.75 11591.90 2560.22 10240.89 5431.05 12801.11 14139.29 14595.51 2560.22 10240.89 5431.05 12144.20 4048.07 4048.07 4048.07 14139.29 3620.70 12801.11 15361.33 7464.26 11591.90 9051.75 7680.66 5120.44 5120.44 5724.83 5724.83 5724.83 5431.05 9749.03 4048.07 5120.44 5431.05 7464.26 5431.05 4048.07 11591.90 13054.62 13054.62 13054.62 9749.03 5724.83 7241.40 5431.05 16690.60 15573.22 11011.93 9231.01 9231.01 11449.66 11011.93 2560.22 11591.90 15573.22 11011.93 7241.40 7464.26 5120.44 4048.07 11591.90 12801.11 11591.90 1810.35 2560.22 11591.90 11591.90 11591.90 7241.40 13054.62 14595.51 13054.62 4048.07 2560.22 7464.26 15573.22 1810.35 
4048.07 4048.07 2560.22 5724.83 11449.66 7241.40 6527.31 7464.26 7241.40 1810.35 5431.05 2560.22 9051.75 2560.22 2560.22 2560.22 2560.22 5120.44 7680.66 2560.22 6527.31 4048.07 0.00 1810.35 2560.22 5120.44 8096.13 1810.35 6527.31 5120.44 9051.75 10240.89 11449.66 5431.05 6527.31 5120.44 9231.01 7241.40 0.00 7241.40 10240.89 7464.26 9051.75 11591.90 7680.66 7680.66 5120.44 4048.07 7464.26 7464.26 6527.31 6527.31 6527.31 5120.44 7241.40 5724.83 7464.26 5120.44 5724.83 5120.44 5724.83 8096.13 9749.03 9749.03 9749.03 7241.40 6527.31 6527.31 5120.44 13054.62 12144.20 10556.06 9051.75 9051.75 11591.90 10556.06 1810.35 7680.66 12144.20 10556.06 6527.31 5724.83 1810.35 2560.22 8096.13 9051.75 8096.13 2560.22 1810.35 8096.13 8096.13 8096.13 6527.31 9749.03 11449.66 9749.03 2560.22 6527.31 5724.83 12144.20 2560.22 
2560.22 2560.22 1810.35 4048.07 9749.03 7464.26 7680.66 5724.83 5431.05 0.00 5724.83 1810.35 9231.01 1810.35 1810.35 1810.35 1810.35 4048.07 6527.31 1810.35 7680.66 5120.44 1810.35 0.00 1810.35 4048.07 6527.31 2560.22 5120.44 4048.07 7680.66 9051.75 9749.03 5724.83 5120.44 4048.07 7464.26 7464.26 1810.35 7464.26 9051.75 8096.13 7680.66 10240.89 6527.31 6527.31 4048.07 2560.22 7241.40 7241.40 5724.83 5724.83 5724.83 4048.07 5431.05 5431.05 7241.40 4048.07 4048.07 4048.07 5431.05 6527.31 8096.13 8096.13 8096.13 5431.05 5724.83 5120.44 4048.07 11591.90 10556.06 9051.75 7680.66 7680.66 10240.89 9051.75 2560.22 6527.31 10556.06 9051.75 5120.44 4048.07 0.00 1810.35 6527.31 7680.66 6527.31 4048.07 2560.22 6527.31 6527.31 6527.31 5120.44 8096.13 9749.03 8096.13 1810.35 7680.66 4048.07 10556.06 4048.07 
4048.07 1810.35 0.00 3620.70 9231.01 9231.01 9051.75 6527.31 5724.83 1810.35 7464.26 3620.70 11011.93 3620.70 0.00 0.00 0.00 2560.22 5120.44 3620.70 9051.75 6527.31 2560.22 1810.35 0.00 2560.22 5724.83 4048.07 4048.07 5724.83 6527.31 7680.66 9231.01 7464.26 4048.07 5724.83 7241.40 9231.01 2560.22 9231.01 7680.66 9749.03 6527.31 9051.75 8096.13 5120.44 2560.22 1810.35 9051.75 9051.75 7464.26 7464.26 7464.26 5724.83 5724.83 7241.40 9051.75 5724.83 5120.44 5724.83 7241.40 5724.83 7464.26 7464.26 7464.26 5724.83 7464.26 6527.31 5724.83 10556.06 9749.03 10240.89 9051.75 9051.75 11591.90 10240.89 4048.07 5120.44 9749.03 10240.89 6527.31 5120.44 1810.35 3620.70 5724.83 6527.31 5724.83 5120.44 4048.07 5724.83 5724.83 5724.83 6527.31 7464.26 9231.01 7464.26 3620.70 9051.75 5120.44 9749.03 5120.44 
5431.05 1810.35 2560.22 2560.22 7241.40 11449.66 11591.90 6527.31 5120.44 4048.07 9749.03 5724.83 13179.55 5724.83 2560.22 2560.22 2560.22 0.00 2560.22 5724.83 11591.90 9051.75 5120.44 4048.07 2560.22 0.00 3620.70 6527.31 1810.35 7241.40 4048.07 5120.44 7241.40 9749.03 1810.35 7241.40 5724.83 11449.66 5120.44 11449.66 5120.44 12144.20 4048.07 6527.31 9231.01 2560.22 0.00 1810.35 11011.93 11011.93 9051.75 9051.75 9051.75 7241.40 5120.44 9231.01 11011.93 7241.40 5724.83 7241.40 9231.01 3620.70 5431.05 5431.05 5431.05 5120.44 9051.75 7464.26 7241.40 8096.13 7464.26 10556.06 9749.03 9749.03 12144.20 10556.06 6527.31 2560.22 7464.26 10556.06 7464.26 5724.83 4048.07 5724.83 3620.70 4048.07 3620.70 7680.66 6527.31 3620.70 3620.70 3620.70 7464.26 5431.05 7241.40 5431.05 5724.83 11591.90 5724.83 7464.26 7680.66 
6527.31 4048.07 5724.83 2560.22 3620.70 13054.62 14139.29 5431.05 3620.70 6527.31 11591.90 7680.66 14595.51 7680.66 5724.83 5724.83 5724.83 3620.70 2560.22 7680.66 14139.29 11591.90 8096.13 6527.31 5724.83 3620.70 0.00 9051.75 1810.35 8096.13 1810.35 3620.70 3620.70 11591.90 1810.35 8096.13 2560.22 13054.62 8096.13 13054.62 3620.70 14139.29 1810.35 4048.07 9231.01 2560.22 3620.70 4048.07 12144.20 12144.20 9749.03 9749.03 9749.03 8096.13 3620.70 10556.06 12144.20 8096.13 5724.83 8096.13 10556.06 0.00 1810.35 1810.35 1810.35 3620.70 9749.03 7464.26 8096.13 5120.44 4048.07 9231.01 9051.75 9051.75 11011.93 9231.01 9051.75 2560.22 4048.07 9231.01 7464.26 5724.83 6527.31 7680.66 0.00 1810.35 0.00 10556.06 9051.75 0.00 0.00 0.00 7464.26 1810.35 3620.70 1810.35 7680.66 14139.29 5724.83 4048.07 10556.06 
3620.70 5120.44 4048.07 6527.31 12144.20 5431.05 5120.44 7241.40 7464.26 2560.22 3620.70 1810.35 7241.40 1810.35 4048.07 4048.07 4048.07 6527.31 9051.75 1810.35 5120.44 2560.22 1810.35 2560.22 4048.07 6527.31 9051.75 0.00 7680.66 4048.07 10240.89 11591.90 12144.20 3620.70 7680.66 4048.07 9749.03 5431.05 1810.35 5431.05 11591.90 5724.83 10240.89 12801.11 6527.31 9051.75 6527.31 5120.44 5724.83 5724.83 5120.44 5120.44 5120.44 4048.07 7464.26 4048.07 5724.83 4048.07 5431.05 4048.07 4048.07 9051.75 10556.06 10556.06 10556.06 7464.26 5120.44 5724.83 4048.07 14139.29 13054.62 9749.03 8096.13 8096.13 10556.06 9749.03 0.00 9051.75 13054.62 9749.03 5724.83 5431.05 2560.22 1810.35 9051.75 10240.89 9051.75 1810.35 0.00 9051.75 9051.75 9051.75 5724.83 10556.06 12144.20 10556.06 1810.35 5120.44 5431.05 13054.62 1810.35 
5724.83 2560.22 4048.07 1810.35 5431.05 12144.20 12801.11 5724.83 4048.07 5120.44 10556.06 6527.31 13787.22 6527.31 4048.07 4048.07 4048.07 1810.35 1810.35 6527.31 12801.11 10240.89 6527.31 5120.44 4048.07 1810.35 1810.35 7680.66 0.00 7464.26 2560.22 4048.07 5431.05 10556.06 0.00 7464.26 4048.07 12144.20 6527.31 12144.20 4048.07 13054.62 2560.22 5120.44 9051.75 1810.35 1810.35 2560.22 11449.66 11449.66 9231.01 9231.01 9231.01 7464.26 4048.07 9749.03 11449.66 7464.26 5431.05 7464.26 9749.03 1810.35 3620.70 3620.70 3620.70 4048.07 9231.01 7241.40 7464.26 6527.31 5724.83 9749.03 9231.01 9231.01 11449.66 9749.03 7680.66 1810.35 5724.83 9749.03 7241.40 5431.05 5120.44 6527.31 1810.35 2560.22 1810.35 9051.75 7680.66 1810.35 1810.35 1810.35 7241.40 3620.70 5431.05 3620.70 6527.31 12801.11 5431.05 5724.83 9051.75 
1810.35 5431.05 5724.83 5724.83 10240.89 5120.44 7464.26 4048.07 5120.44 4048.07 4048.07 2560.22 6527.31 2560.22 5724.83 5724.83 5724.83 7241.40 9231.01 2560.22 7464.26 5431.05 5120.44 4048.07 5724.83 7241.40 8096.13 4048.07 7464.26 0.00 9749.03 11449.66 10240.89 4048.07 7464.26 0.00 7680.66 5120.44 5120.44 5120.44 11449.66 6527.31 9749.03 12144.20 2560.22 9231.01 7241.40 5431.05 4048.07 4048.07 1810.35 1810.35 1810.35 0.00 5120.44 2560.22 4048.07 0.00 2560.22 0.00 2560.22 8096.13 9051.75 9051.75 9051.75 5120.44 1810.35 1810.35 0.00 13054.62 11591.90 5724.83 4048.07 4048.07 6527.31 5724.83 4048.07 9231.01 11591.90 5724.83 1810.35 2560.22 4048.07 2560.22 8096.13 9749.03 8096.13 5724.83 4048.07 8096.13 8096.13 8096.13 1810.35 9051.75 10240.89 9051.75 2560.22 7464.26 2560.22 11591.90 5724.83 
8096.13 5120.44 6527.31 4048.07 4048.07 14595.51 15361.33 7241.40 5431.05 7680.66 13054.62 9051.75 16192.26 9051.75 6527.31 6527.31 6527.31 4048.07 1810.35 9051.75 15361.33 12801.11 9051.75 7680.66 6527.31 4048.07 1810.35 10240.89 2560.22 9749.03 0.00 1810.35 4048.07 13054.62 2560.22 9749.03 4048.07 14595.51 9051.75 14595.51 1810.35 15573.22 0.00 2560.22 11011.93 1810.35 4048.07 5120.44 13787.22 13787.22 11449.66 11449.66 11449.66 9749.03 5431.05 12144.20 13787.22 9749.03 7464.26 9749.03 12144.20 1810.35 2560.22 2560.22 2560.22 5431.05 11449.66 9231.01 9749.03 4048.07 3620.70 11011.93 10862.10 10862.10 12801.11 11011.93 10240.89 1810.35 3620.70 11011.93 9231.01 7464.26 7680.66 9051.75 1810.35 0.00 1810.35 11591.90 10240.89 1810.35 1810.35 1810.35 9231.01 2560.22 4048.07 2560.22 9051.75 15361.33 7464.26 3620.70 11591.90 
9749.03 6527.31 7680.66 5724.83 5120.44 16192.26 16690.60 9051.75 7241.40 9051.75 14595.51 10556.06 17829.88 10556.06 7680.66 7680.66 7680.66 5120.44 2560.22 10556.06 16690.60 14139.29 10240.89 9051.75 7680.66 5120.44 3620.70 11591.90 4048.07 11449.66 1810.35 0.00 5120.44 14595.51 4048.07 11449.66 5724.83 16192.26 10240.89 16192.26 0.00 17078.81 1810.35 1810.35 12801.11 2560.22 5120.44 6527.31 15467.64 15467.64 13179.55 13179.55 13179.55 11449.66 7241.40 13787.22 15467.64 11449.66 9231.01 11449.66 13787.22 3620.70 4048.07 4048.07 4048.07 7241.40 13179.55 11011.93 11449.66 3620.70 4048.07 12801.11 12672.45 12672.45 14595.51 12801.11 11591.90 2560.22 4048.07 12801.11 11011.93 9231.01 9051.75 10556.06 3620.70 1810.35 3620.70 12801.11 11591.90 3620.70 3620.70 3620.70 11011.93 4048.07 5120.44 4048.07 10556.06 16690.60 9231.01 4048.07 12801.11 
9051.75 7464.26 9231.01 5724.83 0.00 15361.33 17078.81 6527.31 5120.44 9749.03 14139.29 10556.06 16690.60 10556.06 9231.01 9231.01 9231.01 7241.40 5724.83 10556.06 17078.81 14595.51 11449.66 9749.03 9231.01 7241.40 3620.70 12144.20 5431.05 10240.89 4048.07 5120.44 0.00 14139.29 5431.05 10240.89 2560.22 15361.33 11449.66 15361.33 5120.44 16690.60 4048.07 4048.07 10556.06 5724.83 7241.40 7464.26 14139.29 14139.29 11591.90 11591.90 11591.90 10240.89 5120.44 12801.11 14139.29 10240.89 7680.66 10240.89 12801.11 3620.70 1810.35 1810.35 1810.35 5120.44 11591.90 9051.75 10240.89 3620.70 1810.35 9231.01 9749.03 9749.03 11011.93 9231.01 12144.20 5724.83 1810.35 9231.01 9051.75 7680.66 9749.03 10556.06 3620.70 4048.07 3620.70 13787.22 12144.20 3620.70 3620.70 3620.70 9051.75 1810.35 0.00 1810.35 10556.06 17078.81 7680.66 1810.35 13787.22 
5120.44 8096.13 7464.26 9051.75 14139.29 1810.35 3620.70 8096.13 9051.75 5724.83 0.00 4048.07 3620.70 4048.07 7464.26 7464.26 7464.26 9749.03 12144.20 4048.07 3620.70 2560.22 5431.05 5724.83 7464.26 9749.03 11591.90 3620.70 10556.06 4048.07 13054.62 14595.51 14139.29 0.00 10556.06 4048.07 11591.90 1810.35 5431.05 1810.35 14595.51 2560.22 13054.62 15573.22 5431.05 12144.20 9749.03 8096.13 2560.22 2560.22 3620.70 3620.70 3620.70 4048.07 9051.75 1810.35 2560.22 4048.07 6527.31 4048.07 1810.35 11591.90 12801.11 12801.11 12801.11 9051.75 3620.70 5724.83 4048.07 16690.60 15361.33 9051.75 7241.40 7241.40 9231.01 9051.75 3620.70 12144.20 15361.33 9051.75 5724.83 6527.31 5724.83 4048.07 11591.90 13054.62 11591.90 4048.07 3620.70 11591.90 11591.90 11591.90 5724.83 12801.11 14139.29 12801.11 4048.07 3620.70 6527.31 15361.33 4048.07 
5724.83 2560.22 4048.07 1810.35 5431.05 12144.20 12801.11 5724.83 4048.07 5120.44 10556.06 6527.31 13787.22 6527.31 4048.07 4048.07 4048.07 1810.35 1810.35 6527.31 12801.11 10240.89 6527.31 5120.44 4048.07 1810.35 1810.35 7680.66 0.00 7464.26 2560.22 4048.07 5431.05 10556.06 0.00 7464.26 4048.07 12144.20 6527.31 12144.20 4048.07 13054.62 2560.22 5120.44 9051.75 1810.35 1810.35 2560.22 11449.66 11449.66 9231.01 9231.01 9231.01 7464.26 4048.07 9749.03 11449.66 7464.26 5431.05 7464.26 9749.03 1810.35 3620.70 3620.70 3620.70 4048.07 9231.01 7241.40 7464.26 6527.31 5724.83 9749.03 9231.01 9231.01 11449.66 9749.03 7680.66 1810.35 5724.83 9749.03 7241.40 5431.05 5120.44 6527.31 1810.35 2560.22 1810.35 9051.75 7680.66 1810.35 1810.35 1810.35 7241.40 3620.70 5431.05 3620.70 6527.31 12801.11 5431.05 5724.83 9051.75 
1810.35 5431.05 5724.83 5724.83 10240.89 5120.44 7464.26 4048.07 5120.44 4048.07 4048.07 2560.22 6527.31 2560.22 5724.83 5724.83 5724.83 7241.40 9231.01 2560.22 7464.26 5431.05 5120.44 4048.07 5724.83 7241.40 8096.13 4048.07 7464.26 0.00 9749.03 11449.66 10240.89 4048.07 7464.26 0.00 7680.66 5120.44 5120.44 5120.44 11449.66 6527.31 9749.03 12144.20 2560.22 9231.01 7241.40 5431.05 4048.07 4048.07 1810.35 1810.35 1810.35 0.00 5120.44 2560.22 4048.07 0.00 2560.22 0.00 2560.22 8096.13 9051.75 9051.75 9051.75 5120.44 1810.35 1810.35 0.00 13054.62 11591.90 5724.83 4048.07 4048.07 6527.31 5724.83 4048.07 9231.01 11591.90 5724.83 1810.35 2560.22 4048.07 2560.22 8096.13 9749.03 8096.13 5724.83 4048.07 8096.13 8096.13 8096.13 1810.35 9051.75 10240.89 9051.75 2560.22 7464.26 2560.22 11591.90 5724.83 
6527.31 5431.05 7241.40 3620.70 2560.22 12801.11 14595.51 4048.07 2560.22 7464.26 11591.90 8096.13 14139.29 8096.13 7241.40 7241.40 7241.40 5724.83 5120.44 8096.13 14595.51 12144.20 9231.01 7464.26 7241.40 5724.83 2560.22 9749.03 4048.07 7680.66 4048.07 5724.83 2560.22 11591.90 4048.07 7680.66 0.00 12801.11 9231.01 12801.11 5724.83 14139.29 4048.07 5431.05 8096.13 5120.44 5724.83 5431.05 11591.90 11591.90 9051.75 9051.75 9051.75 7680.66 2560.22 10240.89 11591.90 7680.66 5120.44 7680.66 10240.89 2560.22 1810.35 1810.35 1810.35 2560.22 9051.75 6527.31 7680.66 5724.83 4048.07 7241.40 7464.26 7464.26 9051.75 7241.40 9749.03 5120.44 4048.07 7241.40 6527.31 5120.44 7464.26 8096.13 2560.22 4048.07 2560.22 11449.66 9749.03 2560.22 2560.22 2560.22 6527.31 1810.35 2560.22 1810.35 8096.13 14595.51 5120.44 4048.07 11449.66 
6527.31 9749.03 9231.01 10556.06 15361.33 0.00 4048.07 9051.75 10240.89 7464.26 1810.35 5724.83 1810.35 5724.83 9231.01 9231.01 9231.01 11449.66 13787.22 5724.83 4048.07 4048.07 7241.40 7464.26 9231.01 11449.66 13054.62 5431.05 12144.20 5120.44 14595.51 16192.26 15361.33 1810.35 12144.20 5120.44 12801.11 0.00 7241.40 0.00 16192.26 1810.35 14595.51 17078.81 5724.83 13787.22 11449.66 9749.03 1810.35 1810.35 4048.07 4048.07 4048.07 5120.44 10240.89 2560.22 1810.35 5120.44 7680.66 5120.44 2560.22 13054.62 14139.29 14139.29 14139.29 10240.89 4048.07 6527.31 5120.44 18103.50 16690.60 9231.01 7464.26 7464.26 9051.75 9231.01 5431.05 13787.22 16690.60 9231.01 6527.31 7680.66 7464.26 5724.83 13054.62 14595.51 13054.62 5724.83 5431.05 13054.62 13054.62 13054.62 6527.31 14139.29 15361.33 14139.29 5724.83 4048.07 7680.66 16690.60 5724.83 
4048.07 4048.07 2560.22 5724.83 11449.66 7241.40 6527.31 7464.26 7241.40 1810.35 5431.05 2560.22 9051.75 2560.22 2560.22 2560.22 2560.22 5120.44 7680.66 2560.22 6527.31 4048.07 0.00 1810.35 2560.22 5120.44 8096.13 1810.35 6527.31 5120.44 9051.75 10240.89 11449.66 5431.05 6527.31 5120.44 9231.01 7241.40 0.00 7241.40 10240.89 7464.26 9051.75 11591.90 7680.66 7680.66 5120.44 4048.07 7464.26 7464.26 6527.31 6527.31 6527.31 5120.44 7241.40 5724.83 7464.26 5120.44 5724.83 5120.44 5724.83 8096.13 9749.03 9749.03 9749.03 7241.40 6527.31 6527.31 5120.44 13054.62 12144.20 10556.06 9051.75 9051.75 11591.90 10556.06 1810.35 7680.66 12144.20 10556.06 6527.31 5724.83 1810.35 2560.22 8096.13 9051.75 8096.13 2560.22 1810.35 8096.13 8096.13 8096.13 6527.31 9749.03 11449.66 9749.03 2560.22 6527.31 5724.83 12144.20 2560.22 
6527.31 9749.03 9231.01 10556.06 15361.33 0.00 4048.07 9051.75 10240.89 7464.26 1810.35 5724.83 1810.35 5724.83 9231.01 9231.01 9231.01 11449.66 13787.22 5724.83 4048.07 4048.07 7241.40 7464.26 9231.01 11449.66 13054.62 5431.05 12144.20 5120.44 14595.51 16192.26 15361.33 1810.35 12144.20 5120.44 12801.11 0.00 7241.40 0.00 16192.26 1810.35 14595.51 17078.81 5724.83 13787.22 11449.66 9749.03 1810.35 1810.35 4048.07 4048.07 4048.07 5120.44 10240.89 2560.22 1810.35 5120.44 7680.66 5120.44 2560.22 13054.62 14139.29 14139.29 14139.29 10240.89 4048.07 6527.31 5120.44 18103.50 16690.60 9231.01 7464.26 7464.26 9051.75 9231.01 5431.05 13787.22 16690.60 9231.01 6527.31 7680.66 7464.26 5724.83 13054.62 14595.51 13054.62 5724.83 5431.05 13054.62 13054.62 13054.62 6527.31 14139.29 15361.33 14139.29 5724.83 4048.07 7680.66 16690.60 5724.83 
9749.03 6527.31 7680.66 5724.83 5120.44 16192.26 16690.60 9051.75 7241.40 9051.75 14595.51 10556.06 17829.88 10556.06 7680.66 7680.66 7680.66 5120.44 2560.22 10556.06 16690.60 14139.29 10240.89 9051.75 7680.66 5120.44 3620.70 11591.90 4048.07 11449.66 1810.35 0.00 5120.44 14595.51 4048.07 11449.66 5724.83 16192.26 10240.89 16192.26 0.00 17078.81 1810.35 1810.35 12801.11 2560.22 5120.44 6527.31 15467.64 15467.64 13179.55 13179.55 13179.55 11449.66 7241.40 13787.22 15467.64 11449.66 9231.01 11449.66 13787.22 3620.70 4048.07 4048.07 4048.07 7241.40 13179.55 11011.93 11449.66 3620.70 4048.07 12801.11 12672.45 12672.45 14595.51 12801.11 11591.90 2560.22 4048.07 12801.11 11011.93 9231.01 9051.75 10556.06 3620.70 1810.35 3620.70 12801.11 11591.90 3620.70 3620.70 3620.70 11011.93 4048.07 5120.44 4048.07 10556.06 16690.60 9231.01 4048.07 12801.11 
7680.66 10556.06 9749.03 11591.90 16690.60 1810.35 2560.22 10556.06 11591.90 8096.13 2560.22 6527.31 2560.22 6527.31 9749.03 9749.03 9749.03 12144.20 14595.51 6527.31 2560.22 3620.70 7464.26 8096.13 9749.03 12144.20 14139.29 5724.83 13054.62 6527.31 15573.22 17078.81 16690.60 2560.22 13054.62 6527.31 14139.29 1810.35 7464.26 1810.35 17078.81 0.00 15573.22 18103.50 7464.26 14595.51 12144.20 10556.06 3620.70 3620.70 5724.83 5724.83 5724.83 6527.31 11591.90 4048.07 3620.70 6527.31 9051.75 6527.31 4048.07 14139.29 15361.33 15361.33 15361.33 11591.90 5724.83 8096.13 6527.31 19244.28 17921.55 11011.93 9231.01 9231.01 10862.10 11011.93 5724.83 14595.51 17921.55 11011.93 8096.13 9051.75 8096.13 6527.31 14139.29 15573.22 14139.29 5431.05 5724.83 14139.29 14139.29 14139.29 8096.13 15361.33 16690.60 15361.33 6527.31 2560.22 9051.75 17921.55 5431.05 
8096.13 5120.44 6527.31 4048.07 4048.07 14595.51 15361.33 7241.40 5431.05 7680.66 13054.62 9051.75 16192.26 9051.75 6527.31 6527.31 6527.31 4048.07 1810.35 9051.75 15361.33 12801.11 9051.75 7680.66 6527.31 4048.07 1810.35 10240.89 2560.22 9749.03 0.00 1810.35 4048.07 13054.62 2560.22 9749.03 4048.07 14595.51 9051.75 14595.51 1810.35 15573.22 0.00 2560.22 11011.93 1810.35 4048.07 5120.44 13787.22 13787.22 11449.66 11449.66 11449.66 9749.03 5431.05 12144.20 13787.22 9749.03 7464.26 9749.03 12144.20 1810.35 2560.22 2560.22 2560.22 5431.05 11449.66 9231.01 9749.03 4048.07 3620.70 11011.93 10862.10 10862.10 12801.11 11011.93 10240.89 1810.35 3620.70 11011.93 9231.01 7464.26 7680.66 9051.75 1810.35 0.00 1810.35 11591.90 10240.89 1810.35 1810.35 1810.35 9231.01 2560.22 4048.07 2560.22 9051.75 15361.33 7464.26 3620.70 11591.90 
10556.06 7680.66 9051.75 6527.31 4048.07 17078.81 17921.55 9231.01 7464.26 10240.89 15573.22 11591.90 18638.69 11591.90 9051.75 9051.75 9051.75 6527.31 4048.07 11591.90 17921.55 15361.33 11591.90 10240.89 9051.75 6527.31 4048.07 12801.11 5120.44 12144.20 2560.22 1810.35 4048.07 15573.22 5120.44 12144.20 5431.05 17078.81 11591.90 17078.81 1810.35 18103.50 2560.22 0.00 13179.55 4048.07 6527.31 7680.66 16192.26 16192.26 13787.22 13787.22 13787.22 12144.20 7464.26 14595.51 16192.26 12144.20 9749.03 12144.20 14595.51 4048.07 3620.70 3620.70 3620.70 7464.26 13787.22 11449.66 12144.20 1810.35 2560.22 12672.45 12801.11 12801.11 14482.80 12672.45 12801.11 4048.07 2560.22 12672.45 11449.66 9749.03 10240.89 11591.90 4048.07 2560.22 4048.07 14139.29 12801.11 4048.07 4048.07 4048.07 11449.66 3620.70 4048.07 3620.70 11591.90 17921.55 9749.03 2560.22 14139.29 
4048.07 7464.26 8096.13 7241.40 10556.06 5724.83 9051.75 4048.07 5724.83 6527.31 5431.05 5120.44 6527.31 5120.44 8096.13 8096.13 8096.13 9231.01 10862.10 5120.44 9051.75 7464.26 7680.66 6527.31 8096.13 9231.01 9231.01 6527.31 9051.75 2560.22 11011.93 12801.11 10556.06 5431.05 9051.75 2560.22 8096.13 5724.83 7680.66 5724.83 12801.11 7464.26 11011.93 13179.55 0.00 10862.10 9231.01 7464.26 4048.07 4048.07 1810.35 1810.35 1810.35 2560.22 5724.83 3620.70 4048.07 2560.22 3620.70 2560.22 3620.70 9231.01 9749.03 9749.03 9749.03 5724.83 1810.35 1810.35 2560.22 13787.22 12144.20 3620.70 1810.35 1810.35 4048.07 3620.70 6527.31 10862.10 12144.20 3620.70 1810.35 3620.70 6527.31 5120.44 9231.01 11011.93 9231.01 8096.13 6527.31 9231.01 9231.01 9231.01 1810.35 9749.03 10556.06 9749.03 5120.44 9051.75 3620.70 12144.20 8096.13 
7464.26 4048.07 5120.44 3620.70 5724.83 13787.22 14139.29 7464.26 5724.83 6527.31 12144.20 8096.13 15467.64 8096.13 5120.44 5120.44 5120.44 2560.22 0.00 8096.13 14139.29 11591.90 7680.66 6527.31 5120.44 2560.22 2560.22 9051.75 1810.35 9231.01 1810.35 2560.22 5724.83 12144.20 1810.35 9231.01 5120.44 13787.22 7680.66 13787.22 2560.22 14595.51 1810.35 4048.07 10862.10 0.00 2560.22 4048.07 13179.55 13179.55 11011.93 11011.93 11011.93 9231.01 5724.83 11449.66 13179.55 9231.01 7241.40 9231.01 11449.66 2560.22 4048.07 4048.07 4048.07 5724.83 11011.93 9051.75 9231.01 5724.83 5431.05 11449.66 11011.93 11011.93 13179.55 11449.66 9051.75 0.00 5431.05 11449.66 9051.75 7241.40 6527.31 8096.13 2560.22 1810.35 2560.22 10240.89 9051.75 2560.22 2560.22 2560.22 9051.75 4048.07 5724.83 4048.07 8096.13 14139.29 7241.40 5431.05 10240.89 
5431.05 1810.35 2560.22 2560.22 7241.40 11449.66 11591.90 6527.31 5120.44 4048.07 9749.03 5724.83 13179.55 5724.83 2560.22 2560.22 2560.22 0.00 2560.22 5724.83 11591.90 9051.75 5120.44 4048.07 2560.22 0.00 3620.70 6527.31 1810.35 7241.40 4048.07 5120.44 7241.40 9749.03 1810.35 7241.40 5724.83 11449.66 5120.44 11449.66 5120.44 12144.20 4048.07 6527.31 9231.01 2560.22 0.00 1810.35 11011.93 11011.93 9051.75 9051.75 9051.75 7241.40 5120.44 9231.01 11011.93 7241.40 5724.83 7241.40 9231.01 3620.70 5431.05 5431.05 5431.05 5120.44 9051.75 7464.26 7241.40 8096.13 7464.26 10556.06 9749.03 9749.03 12144.20 10556.06 6527.31 2560.22 7464.26 10556.06 7464.26 5724.83 4048.07 5724.83 3620.70 4048.07 3620.70 7680.66 6527.31 3620.70 3620.70 3620.70 7464.26 5431.05 7241.40 5431.05 5724.83 11591.90 5724.83 7464.26 7680.66 
3620.70 0.00 1810.35 1810.35 7464.26 9749.03 10240.89 5120.44 4048.07 2560.22 8096.13 4048.07 11449.66 4048.07 1810.35 1810.35 1810.35 1810.35 4048.07 4048.07 10240.89 7680.66 4048.07 2560.22 1810.35 1810.35 4048.07 5120.44 2560.22 5431.05 5120.44 6527.31 7464.26 8096.13 2560.22 5431.05 5431.05 9749.03 4048.07 9749.03 6527.31 10556.06 5120.44 7680.66 7464.26 4048.07 1810.35 0.00 9231.01 9231.01 7241.40 7241.40 7241.40 5431.05 4048.07 7464.26 9231.01 5431.05 4048.07 5431.05 7464.26 4048.07 5724.83 5724.83 5724.83 4048.07 7241.40 5724.83 5431.05 9051.75 8096.13 9051.75 8096.13 8096.13 10556.06 9051.75 5120.44 4048.07 8096.13 9051.75 5724.83 4048.07 2560.22 4048.07 4048.07 5120.44 4048.07 6527.31 5120.44 4048.07 4048.07 4048.07 5724.83 5724.83 7464.26 5724.83 4048.07 10240.89 4048.07 8096.13 6527.31 
5724.83 9231.01 9051.75 9749.03 14139.29 1810.35 5724.83 7680.66 9051.75 7241.40 2560.22 5431.05 2560.22 5431.05 9051.75 9051.75 9051.75 11011.93 13179.55 5431.05 5724.83 5120.44 7464.26 7241.40 9051.75 11011.93 12144.20 5724.83 11449.66 4048.07 13787.22 15467.64 14139.29 2560.22 11449.66 4048.07 11591.90 1810.35 7464.26 1810.35 15467.64 3620.70 13787.22 16192.26 4048.07 13179.55 11011.93 9231.01 0.00 0.00 2560.22 2560.22 2560.22 4048.07 9051.75 1810.35 0.00 4048.07 6527.31 4048.07 1810.35 12144.20 13054.62 13054.62 13054.62 9051.75 2560.22 5120.44 4048.07 17078.81 15573.22 7464.26 5724.83 5724.83 7241.40 7464.26 5724.83 13179.55 15573.22 7464.26 5120.44 6527.31 7241.40 5431.05 12144.20 13787.22 12144.20 6527.31 5724.83 12144.20 12144.20 12144.20 5120.44 13054.62 14139.29 13054.62 5431.05 5724.83 6527.31 15573.22 6527.31 
5724.83 9231.01 9051.75 9749.03 14139.29 1810.35 5724.83 7680.66 9051.75 7241.40 2560.22 5431.05 2560.22 5431.05 9051.75 9051.75 9051.75 11011.93 13179.55 5431.05 5724.83 5120.44 7464.26 7241.40 9051.75 11011.93 12144.20 5724.83 11449.66 4048.07 13787.22 15467.64 14139.29 2560.22 11449.66 4048.07 11591.90 1810.35 7464.26 1810.35 15467.64 3620.70 13787.22 16192.26 4048.07 13179.55 11011.93 9231.01 0.00 0.00 2560.22 2560.22 2560.22 4048.07 9051.75 1810.35 0.00 4048.07 6527.31 4048.07 1810.35 12144.20 13054.62 13054.62 13054.62 9051.75 2560.22 5120.44 4048.07 17078.81 15573.22 7464.26 5724.83 5724.83 7241.40 7464.26 5724.83 13179.55 15573.22 7464.26 5120.44 6527.31 7241.40 5431.05 12144.20 13787.22 12144.20 6527.31 5724.83 12144.20 12144.20 12144.20 5120.44 13054.62 14139.29 13054.62 5431.05 5724.83 6527.31 15573.22 6527.31 
3620.70 7241.40 7464.26 7464.26 11591.90 4048.07 7241.40 5120.44 6527.31 5724.83 3620.70 4048.07 5120.44 4048.07 7464.26 7464.26 7464.26 9051.75 11011.93 4048.07 7241.40 5724.83 6527.31 5724.83 7464.26 9051.75 9749.03 5120.44 9231.01 1810.35 11449.66 13179.55 11591.90 3620.70 9231.01 1810.35 9051.75 4048.07 6527.31 4048.07 13179.55 5724.83 11449.66 13787.22 1810.35 11011.93 9051.75 7241.40 2560.22 2560.22 0.00 0.00 0.00 1810.35 6527.31 1810.35 2560.22 1810.35 4048.07 1810.35 1810.35 9749.03 10556.06 10556.06 10556.06 6527.31 0.00 2560.22 1810.35 14595.51 13054.62 5431.05 3620.70 3620.70 5724.83 5431.05 5120.44 11011.93 13054.62 5431.05 2560.22 4048.07 5724.83 4048.07 9749.03 11449.66 9749.03 6527.31 5120.44 9749.03 9749.03 9749.03 2560.22 10556.06 11591.90 10556.06 4048.07 7241.40 4048.07 13054.62 6527.31 
3620.70 7241.40 7464.26 7464.26 11591.90 4048.07 7241.40 5120.44 6527.31 5724.83 3620.70 4048.07 5120.44 4048.07 7464.26 7464.26 7464.26 9051.75 11011.93 4048.07 7241.40 5724.83 6527.31 5724.83 7464.26 9051.75 9749.03 5120.44 9231.01 1810.35 11449.66 13179.55 11591.90 3620.70 9231.01 1810.35 9051.75 4048.07 6527.31 4048.07 13179.55 5724.83 11449.66 13787.22 1810.35 11011.93 9051.75 7241.40 2560.22 2560.22 0.00 0.00 0.00 1810.35 6527.31 1810.35 2560.22 1810.35 4048.07 1810.35 1810.35 9749.03 10556.06 10556.06 10556.06 6527.31 0.00 2560.22 1810.35 14595.51 13054.62 5431.05 3620.70 3620.70 5724.83 5431.05 5120.44 11011.93 13054.62 5431.05 2560.22 4048.07 5724.83 4048.07 9749.03 11449.66 9749.03 6527.31 5120.44 9749.03 9749.03 9749.03 2560.22 10556.06 11591.90 10556.06 4048.07 7241.40 4048.07 13054.62 6527.31 
3620.70 7241.40 7464.26 7464.26 11591.90 4048.07 7241.40 5120.44 6527.31 5724.83 3620.70 4048.07 5120.44 4048.07 7464.26 7464.26 7464.26 9051.75 11011.93 4048.07 7241.40 5724.83 6527.31 5724.83 7464.26 9051.75 9749.03 5120.44 9231.01 1810.35 11449.66 13179.55 11591.90 3620.70 9231.01 1810.35 9051.75 4048.07 6527.31 4048.07 13179.55 5724.83 11449.66 13787.22 1810.35 11011.93 9051.75 7241.40 2560.22 2560.22 0.00 0.00 0.00 1810.35 6527.31 1810.35 2560.22 1810.35 4048.07 1810.35 1810.35 9749.03 10556.06 10556.06 10556.06 6527.31 0.00 2560.22 1810.35 14595.51 13054.62 5431.05 3620.70 3620.70 5724.83 5431.05 5120.44 11011.93 13054.62 5431.05 2560.22 4048.07 5724.83 4048.07 9749.03 11449.66 9749.03 6527.31 5120.44 9749.03 9749.03 9749.03 2560.22 10556.06 11591.90 10556.06 4048.07 7241.40 4048.07 13054.62 6527.31 
1810.35 5431.05 5724.83 5724.83 10240.89 5120.44 7464.26 4048.07 5120.44 4048.07 4048.07 2560.22 6527.31 2560.22 5724.83 5724.83 5724.83 7241.40 9231.01 2560.22 7464.26 5431.05 5120.44 4048.07 5724.83 7241.40 8096.13 4048.07 7464.26 0.00 9749.03 11449.66 10240.89 4048.07 7464.26 0.00 7680.66 5120.44 5120.44 5120.44 11449.66 6527.31 9749.03 12144.20 2560.22 9231.01 7241.40 5431.05 4048.07 4048.07 1810.35 1810.35 1810.35 0.00 5120.44 2560.22 4048.07 0.00 2560.22 0.00 2560.22 8096.13 9051.75 9051.75 9051.75 5120.44 1810.35 1810.35 0.00 13054.62 11591.90 5724.83 4048.07 4048.07 6527.31 5724.83 4048.07 9231.01 11591.90 5724.83 1810.35 2560.22 4048.07 2560.22 8096.13 9749.03 8096.13 5724.83 4048.07 8096.13 8096.13 8096.13 1810.35 9051.75 10240.89 9051.75 2560.22 7464.26 2560.22 11591.90 5724.83 
4048.07 4048.07 5724.83 2560.22 5120.44 10240.89 12144.20 1810.35 0.00 5431.05 9051.75 5724.83 11591.90 5724.83 5724.83 5724.83 5724.83 5120.44 5724.83 5724.83 12144.20 9749.03 7241.40 5431.05 5724.83 5120.44 3620.70 7464.26 4048.07 5120.44 5431.05 7241.40 5120.44 9051.75 4048.07 5120.44 2560.22 10240.89 7241.40 10240.89 7241.40 11591.90 5431.05 7464.26 5724.83 5724.83 5120.44 4048.07 9051.75 9051.75 6527.31 6527.31 6527.31 5120.44 0.00 7680.66 9051.75 5120.44 2560.22 5120.44 7680.66 3620.70 4048.07 4048.07 4048.07 0.00 6527.31 4048.07 5120.44 8096.13 6527.31 5724.83 5431.05 5431.05 7464.26 5724.83 7464.26 5724.83 6527.31 5724.83 4048.07 2560.22 5431.05 5724.83 3620.70 5431.05 3620.70 9231.01 7464.26 3620.70 3620.70 3620.70 4048.07 4048.07 5120.44 4048.07 5724.83 12144.20 2560.22 6527.31 9231.01 
4048.07 7464.26 7241.40 8096.13 12801.11 2560.22 5431.05 6527.31 7680.66 5431.05 1810.35 3620.70 4048.07 3620.70 7241.40 7241.40 7241.40 9231.01 11449.66 3620.70 5431.05 4048.07 5724.83 5431.05 7241.40 9231.01 10556.06 4048.07 9749.03 2560.22 12144.20 13787.22 12801.11 1810.35 9749.03 2560.22 10240.89 2560.22 5724.83 2560.22 13787.22 4048.07 12144.20 14595.51 3620.70 11449.66 9231.01 7464.26 1810.35 1810.35 1810.35 1810.35 1810.35 2560.22 7680.66 0.00 1810.35 2560.22 5120.44 2560.22 0.00 10556.06 11591.90 11591.90 11591.90 7680.66 1810.35 4048.07 2560.22 15573.22 14139.29 7241.40 5431.05 5431.05 7464.26 7241.40 4048.07 11449.66 14139.29 7241.40 4048.07 5120.44 5431.05 3620.70 10556.06 12144.20 10556.06 5120.44 4048.07 10556.06 10556.06 10556.06 4048.07 11591.90 12801.11 11591.90 3620.70 5431.05 5120.44 14139.29 5120.44 
5724.83 9231.01 9051.75 9749.03 14139.29 1810.35 5724.83 7680.66 9051.75 7241.40 2560.22 5431.05 2560.22 5431.05 9051.75 9051.75 9051.75 11011.93 13179.55 5431.05 5724.83 5120.44 7464.26 7241.40 9051.75 11011.93 12144.20 5724.83 11449.66 4048.07 13787.22 15467.64 14139.29 2560.22 11449.66 4048.07 11591.90 1810.35 7464.26 1810.35 15467.64 3620.70 13787.22 16192.26 4048.07 13179.55 11011.93 9231.01 0.00 0.00 2560.22 2560.22 2560.22 4048.07 9051.75 1810.35 0.00 4048.07 6527.31 4048.07 1810.35 12144.20 13054.62 13054.62 13054.62 9051.75 2560.22 5120.44 4048.07 17078.81 15573.22 7464.26 5724.83 5724.83 7241.40 7464.26 5724.83 13179.55 15573.22 7464.26 5120.44 6527.31 7241.40 5431.05 12144.20 13787.22 12144.20 6527.31 5724.83 12144.20 12144.20 12144.20 5120.44 13054.62 14139.29 13054.62 5431.05 5724.83 6527.31 15573.22 6527.31 
1810.35 5431.05 5724.83 5724.83 10240.89 5120.44 7464.26 4048.07 5120.44 4048.07 4048.07 2560.22 6527.31 2560.22 5724.83 5724.83 5724.83 7241.40 9231.01 2560.22 7464.26 5431.05 5120.44 4048.07 5724.83 7241.40 8096.13 4048.07 7464.26 0.00 9749.03 11449.66 10240.89 4048.07 7464.26 0.00 7680.66 5120.44 5120.44 5120.44 11449.66 6527.31 9749.03 12144.20 2560.22 9231.01 7241.40 5431.05 4048.07 4048.07 1810.35 1810.35 1810.35 0.00 5120.44 2560.22 4048.07 0.00 2560.22 0.00 2560.22 8096.13 9051.75 9051.75 9051.75 5120.44 1810.35 1810.35 0.00 13054.62 11591.90 5724.83 4048.07 4048.07 6527.31 5724.83 4048.07 9231.01 11591.90 5724.83 1810.35 2560.22 4048.07 2560.22 8096.13 9749.03 8096.13 5724.83 4048.07 8096.13 8096.13 8096.13 1810.35 9051.75 10240.89 9051.75 2560.22 7464.26 2560.22 11591.90 5724.83 
1810.35 4048.07 5120.44 3620.70 7680.66 7680.66 9749.03 1810.35 2560.22 4048.07 6527.31 3620.70 9051.75 3620.70 5120.44 5120.44 5120.44 5724.83 7241.40 3620.70 9749.03 7464.26 5724.83 4048.07 5120.44 5724.83 5724.83 5431.05 5431.05 2560.22 7464.26 9231.01 7680.66 6527.31 5431.05 2560.22 5120.44 7680.66 5724.83 7680.66 9231.01 9051.75 7464.26 9749.03 3620.70 7241.40 5724.83 4048.07 6527.31 6527.31 4048.07 4048.07 4048.07 2560.22 2560.22 5120.44 6527.31 2560.22 0.00 2560.22 5120.44 5724.83 6527.31 6527.31 6527.31 2560.22 4048.07 1810.35 2560.22 10556.06 9051.75 5120.44 4048.07 4048.07 6527.31 5120.44 5431.05 7241.40 9051.75 5120.44 1810.35 0.00 4048.07 3620.70 5724.83 7464.26 5724.83 7241.40 5431.05 5724.83 5724.83 5724.83 1810.35 6527.31 7680.66 6527.31 3620.70 9749.03 0.00 9051.75 7241.40 
1810.35 5431.05 5724.83 5724.83 10240.89 5120.44 7464.26 4048.07 5120.44 4048.07 4048.07 2560.22 6527.31 2560.22 5724.83 5724.83 5724.83 7241.40 9231.01 2560.22 7464.26 5431.05 5120.44 4048.07 5724.83 7241.40 8096.13 4048.07 7464.26 0.00 9749.03 11449.66 10240.89 4048.07 7464.26 0.00 7680.66 5120.44 5120.44 5120.44 11449.66 6527.31 9749.03 12144.20 2560.22 9231.01 7241.40 5431.05 4048.07 4048.07 1810.35 1810.35 1810.35 0.00 5120.44 2560.22 4048.07 0.00 2560.22 0.00 2560.22 8096.13 9051.75 9051.75 9051.75 5120.44 1810.35 1810.35 0.00 13054.62 11591.90 5724.83 4048.07 4048.07 6527.31 5724.83 4048.07 9231.01 11591.90 5724.83 1810.35 2560.22 4048.07 2560.22 8096.13 9749.03 8096.13 5724.83 4048.07 8096.13 8096.13 8096.13 1810.35 9051.75 10240.89 9051.75 2560.22 7464.26 2560.22 11591.90 5724.83 
4048.07 7464.26 7241.40 8096.13 12801.11 2560.22 5431.05 6527.31 7680.66 5431.05 1810.35 3620.70 4048.07 3620.70 7241.40 7241.40 7241.40 9231.01 11449.66 3620.70 5431.05 4048.07 5724.83 5431.05 7241.40 9231.01 10556.06 4048.07 9749.03 2560.22 12144.20 13787.22 12801.11 1810.35 9749.03 2560.22 10240.89 2560.22 5724.83 2560.22 13787.22 4048.07 12144.20 14595.51 3620.70 11449.66 9231.01 7464.26 1810.35 1810.35 1810.35 1810.35 1810.35 2560.22 7680.66 0.00 1810.35 2560.22 5120.44 2560.22 0.00 10556.06 11591.90 11591.90 11591.90 7680.66 1810.35 4048.07 2560.22 15573.22 14139.29 7241.40 5431.05 5431.05 7464.26 7241.40 4048.07 11449.66 14139.29 7241.40 4048.07 5120.44 5431.05 3620.70 10556.06 12144.20 10556.06 5120.44 4048.07 10556.06 10556.06 10556.06 4048.07 11591.90 12801.11 11591.90 3620.70 5431.05 5120.44 14139.29 5120.44 
6527.31 4048.07 5724.83 2560.22 3620.70 13054.62 14139.29 5431.05 3620.70 6527.31 11591.90 7680.66 14595.51 7680.66 5724.83 5724.83 5724.83 3620.70 2560.22 7680.66 14139.29 11591.90 8096.13 6527.31 5724.83 3620.70 0.00 9051.75 1810.35 8096.13 1810.35 3620.70 3620.70 11591.90 1810.35 8096.13 2560.22 13054.62 8096.13 13054.62 3620.70 14139.29 1810.35 4048.07 9231.01 2560.22 3620.70 4048.07 12144.20 12144.20 9749.03 9749.03 9749.03 8096.13 3620.70 10556.06 12144.20 8096.13 5724.83 8096.13 10556.06 0.00 1810.35 1810.35 1810.35 3620.70 9749.03 7464.26 8096.13 5120.44 4048.07 9231.01 9051.75 9051.75 11011.93 9231.01 9051.75 2560.22 4048.07 9231.01 7464.26 5724.83 6527.31 7680.66 0.00 1810.35 0.00 10556.06 9051.75 0.00 0.00 0.00 7464.26 1810.35 3620.70 1810.35 7680.66 14139.29 5724.83 4048.07 10556.06 
7680.66 5724.83 7464.26 4048.07 1810.35 14139.29 15573.22 5724.83 4048.07 8096.13 12801.11 9051.75 15573.22 9051.75 7464.26 7464.26 7464.26 5431.05 4048.07 9051.75 15573.22 13054.62 9749.03 8096.13 7464.26 5431.05 1810.35 10556.06 3620.70 9051.75 2560.22 4048.07 1810.35 12801.11 3620.70 9051.75 1810.35 14139.29 9749.03 14139.29 4048.07 15361.33 2560.22 3620.70 9749.03 4048.07 5431.05 5724.83 13054.62 13054.62 10556.06 10556.06 10556.06 9051.75 4048.07 11591.90 13054.62 9051.75 6527.31 9051.75 11591.90 1810.35 0.00 0.00 0.00 4048.07 10556.06 8096.13 9051.75 4048.07 2560.22 9051.75 9231.01 9231.01 10862.10 9051.75 10556.06 4048.07 2560.22 9051.75 8096.13 6527.31 8096.13 9051.75 1810.35 2560.22 1810.35 12144.20 10556.06 1810.35 1810.35 1810.35 8096.13 0.00 1810.35 0.00 9051.75 15573.22 6527.31 2560.22 12144.20 
7680.66 5724.83 7464.26 4048.07 1810.35 14139.29 15573.22 5724.83 4048.07 8096.13 12801.11 9051.75 15573.22 9051.75 7464.26 7464.26 7464.26 5431.05 4048.07 9051.75 15573.22 13054.62 9749.03 8096.13 7464.26 5431.05 1810.35 10556.06 3620.70 9051.75 2560.22 4048.07 1810.35 12801.11 3620.70 9051.75 1810.35 14139.29 9749.03 14139.29 4048.07 15361.33 2560.22 3620.70 9749.03 4048.07 5431.05 5724.83 13054.62 13054.62 10556.06 10556.06 10556.06 9051.75 4048.07 11591.90 13054.62 9051.75 6527.31 9051.75 11591.90 1810.35 0.00 0.00 0.00 4048.07 10556.06 8096.13 9051.75 4048.07 2560.22 9051.75 9231.01 9231.01 10862.10 9051.75 10556.06 4048.07 2560.22 9051.75 8096.13 6527.31 8096.13 9051.75 1810.35 2560.22 1810.35 12144.20 10556.06 1810.35 1810.35 1810.35 8096.13 0.00 1810.35 0.00 9051.75 15573.22 6527.31 2560.22 12144.20 
7680.66 5724.83 7464.26 4048.07 1810.35 14139.29 15573.22 5724.83 4048.07 8096.13 12801.11 9051.75 15573.22 9051.75 7464.26 7464.26 7464.26 5431.05 4048.07 9051.75 15573.22 13054.62 9749.03 8096.13 7464.26 5431.05 1810.35 10556.06 3620.70 9051.75 2560.22 4048.07 1810.35 12801.11 3620.70 9051.75 1810.35 14139.29 9749.03 14139.29 4048.07 15361.33 2560.22 3620.70 9749.03 4048.07 5431.05 5724.83 13054.62 13054.62 10556.06 10556.06 10556.06 9051.75 4048.07 11591.90 13054.62 9051.75 6527.31 9051.75 11591.90 1810.35 0.00 0.00 0.00 4048.07 10556.06 8096.13 9051.75 4048.07 2560.22 9051.75 9231.01 9231.01 10862.10 9051.75 10556.06 4048.07 2560.22 9051.75 8096.13 6527.31 8096.13 9051.75 1810.35 2560.22 1810.35 12144.20 10556.06 1810.35 1810.35 1810.35 8096.13 0.00 1810.35 0.00 9051.75 15573.22 6527.31 2560.22 12144.20 
4048.07 4048.07 5724.83 2560.22 5120.44 10240.89 12144.20 1810.35 0.00 5431.05 9051.75 5724.83 11591.90 5724.83 5724.83 5724.83 5724.83 5120.44 5724.83 5724.83 12144.20 9749.03 7241.40 5431.05 5724.83 5120.44 3620.70 7464.26 4048.07 5120.44 5431.05 7241.40 5120.44 9051.75 4048.07 5120.44 2560.22 10240.89 7241.40 10240.89 7241.40 11591.90 5431.05 7464.26 5724.83 5724.83 5120.44 4048.07 9051.75 9051.75 6527.31 6527.31 6527.31 5120.44 0.00 7680.66 9051.75 5120.44 2560.22 5120.44 7680.66 3620.70 4048.07 4048.07 4048.07 0.00 6527.31 4048.07 5120.44 8096.13 6527.31 5724.83 5431.05 5431.05 7464.26 5724.83 7464.26 5724.83 6527.31 5724.83 4048.07 2560.22 5431.05 5724.83 3620.70 5431.05 3620.70 9231.01 7464.26 3620.70 3620.70 3620.70 4048.07 4048.07 5120.44 4048.07 5724.83 12144.20 2560.22 6527.31 9231.01 
3620.70 7241.40 7464.26 7464.26 11591.90 4048.07 7241.40 5120.44 6527.31 5724.83 3620.70 4048.07 5120.44 4048.07 7464.26 7464.26 7464.26 9051.75 11011.93 4048.07 7241.40 5724.83 6527.31 5724.83 7464.26 9051.75 9749.03 5120.44 9231.01 1810.35 11449.66 13179.55 11591.90 3620.70 9231.01 1810.35 9051.75 4048.07 6527.31 4048.07 13179.55 5724.83 11449.66 13787.22 1810.35 11011.93 9051.75 7241.40 2560.22 2560.22 0.00 0.00 0.00 1810.35 6527.31 1810.35 2560.22 1810.35 4048.07 1810.35 1810.35 9749.03 10556.06 10556.06 10556.06 6527.31 0.00 2560.22 1810.35 14595.51 13054.62 5431.05 3620.70 3620.70 5724.83 5431.05 5120.44 11011.93 13054.62 5431.05 2560.22 4048.07 5724.83 4048.07 9749.03 11449.66 9749.03 6527.31 5120.44 9749.03 9749.03 9749.03 2560.22 10556.06 11591.90 10556.06 4048.07 7241.40 4048.07 13054.62 6527.31 
2560.22 5724.83 6527.31 5431.05 9051.75 6527.31 9231.01 2560.22 4048.07 5120.44 5724.83 4048.07 7680.66 4048.07 6527.31 6527.31 6527.31 7464.26 9051.75 4048.07 9231.01 7241.40 6527.31 5120.44 6527.31 7464.26 7464.26 5724.83 7241.40 1810.35 9231.01 11011.93 9051.75 5724.83 7241.40 1810.35 6527.31 6527.31 6527.31 6527.31 11011.93 8096.13 9231.01 11449.66 1810.35 9051.75 7464.26 5724.83 5120.44 5120.44 2560.22 2560.22 2560.22 1810.35 4048.07 4048.07 5120.44 1810.35 1810.35 1810.35 4048.07 7464.26 8096.13 8096.13 8096.13 4048.07 2560.22 0.00 1810.35 12144.20 10556.06 4048.07 2560.22 2560.22 5120.44 4048.07 5724.83 9051.75 10556.06 4048.07 0.00 1810.35 5120.44 4048.07 7464.26 9231.01 7464.26 7464.26 5724.83 7464.26 7464.26 7464.26 0.00 8096.13 9051.75 8096.13 4048.07 9231.01 1810.35 10556.06 7464.26 
1810.35 5431.05 5724.83 5724.83 10240.89 5120.44 7464.26 4048.07 5120.44 4048.07 4048.07 2560.22 6527.31 2560.22 5724.83 5724.83 5724.83 7241.40 9231.01 2560.22 7464.26 5431.05 5120.44 4048.07 5724.83 7241.40 8096.13 4048.07 7464.26 0.00 9749.03 11449.66 10240.89 4048.07 7464.26 0.00 7680.66 5120.44 5120.44 5120.44 11449.66 6527.31 9749.03 12144.20 2560.22 9231.01 7241.40 5431.05 4048.07 4048.07 1810.35 1810.35 1810.35 0.00 5120.44 2560.22 4048.07 0.00 2560.22 0.00 2560.22 8096.13 9051.75 9051.75 9051.75 5120.44 1810.35 1810.35 0.00 13054.62 11591.90 5724.83 4048.07 4048.07 6527.31 5724.83 4048.07 9231.01 11591.90 5724.83 1810.35 2560.22 4048.07 2560.22 8096.13 9749.03 8096.13 5724.83 4048.07 8096.13 8096.13 8096.13 1810.35 9051.75 10240.89 9051.75 2560.22 7464.26 2560.22 11591.90 5724.83 
11591.90 9051.75 10556.06 7680.66 3620.70 18103.50 19244.28 9749.03 8096.13 11591.90 16690.60 12801.11 19581.93 12801.11 10556.06 10556.06 10556.06 8096.13 5724.83 12801.11 19244.28 16690.60 13054.62 11591.90 10556.06 8096.13 5120.44 14139.29 6527.31 13054.62 4048.07 3620.70 3620.70 16690.60 6527.31 13054.62 5724.83 18103.50 13054.62 18103.50 3620.70 19244.28 4048.07 1810.35 13787.22 5724.83 8096.13 9051.75 17078.81 17078.81 14595.51 14595.51 14595.51 13054.62 8096.13 15573.22 17078.81 13054.62 10556.06 13054.62 15573.22 5120.44 4048.07 4048.07 4048.07 8096.13 14595.51 12144.20 13054.62 0.00 1810.35 12801.11 13179.55 13179.55 14595.51 12801.11 14139.29 5724.83 1810.35 12801.11 12144.20 10556.06 11591.90 12801.11 5120.44 4048.07 5120.44 15573.22 14139.29 5120.44 5120.44 5120.44 12144.20 4048.07 3620.70 4048.07 12801.11 19244.28 10556.06 1810.35 15573.22 
10240.89 8096.13 9749.03 6527.31 1810.35 16690.60 18103.50 8096.13 6527.31 10556.06 15361.33 11591.90 18103.50 11591.90 9749.03 9749.03 9749.03 7464.26 5431.05 11591.90 18103.50 15573.22 12144.20 10556.06 9749.03 7464.26 4048.07 13054.62 5724.83 11591.90 3620.70 4048.07 1810.35 15361.33 5724.83 11591.90 4048.07 16690.60 12144.20 16690.60 4048.07 17921.55 3620.70 2560.22 12144.20 5431.05 7464.26 8096.13 15573.22 15573.22 13054.62 13054.62 13054.62 11591.90 6527.31 14139.29 15573.22 11591.90 9051.75 11591.90 14139.29 4048.07 2560.22 2560.22 2560.22 6527.31 13054.62 10556.06 11591.90 1810.35 0.00 11011.93 11449.66 11449.66 12801.11 11011.93 13054.62 5431.05 0.00 11011.93 10556.06 9051.75 10556.06 11591.90 4048.07 3620.70 4048.07 14595.51 13054.62 4048.07 4048.07 4048.07 10556.06 2560.22 1810.35 2560.22 11591.90 18103.50 9051.75 0.00 14595.51 
6527.31 9051.75 10240.89 8096.13 9231.01 9231.01 12672.45 4048.07 5724.83 9051.75 9051.75 8096.13 9749.03 8096.13 10240.89 10240.89 10240.89 10556.06 11449.66 8096.13 12672.45 11011.93 10556.06 9051.75 10240.89 10556.06 9231.01 9749.03 9749.03 5724.83 11011.93 12801.11 9231.01 9051.75 9749.03 5724.83 7241.40 9231.01 10556.06 9231.01 12801.11 11011.93 11011.93 12672.45 3620.70 11449.66 10556.06 9051.75 7464.26 7464.26 5431.05 5431.05 5431.05 5724.83 5724.83 7241.40 7464.26 5724.83 5120.44 5724.83 7241.40 9231.01 9051.75 9051.75 9051.75 5724.83 5431.05 4048.07 5724.83 12801.11 11011.93 0.00 1810.35 1810.35 1810.35 0.00 9749.03 11449.66 11011.93 0.00 4048.07 5120.44 9051.75 8096.13 9231.01 11011.93 9231.01 11449.66 9749.03 9231.01 9231.01 9231.01 4048.07 9051.75 9231.01 9051.75 8096.13 12672.45 5120.44 11011.93 11449.66 
5120.44 8096.13 9051.75 7464.26 9749.03 7464.26 10862.10 3620.70 5431.05 7680.66 7241.40 6527.31 8096.13 6527.31 9051.75 9051.75 9051.75 9749.03 11011.93 6527.31 10862.10 9231.01 9051.75 7680.66 9051.75 9749.03 9051.75 8096.13 9231.01 4048.07 10862.10 12672.45 9749.03 7241.40 9231.01 4048.07 7464.26 7464.26 9051.75 7464.26 12672.45 9231.01 10862.10 12801.11 1810.35 11011.93 9749.03 8096.13 5724.83 5724.83 3620.70 3620.70 3620.70 4048.07 5431.05 5431.05 5724.83 4048.07 4048.07 4048.07 5431.05 9051.75 9231.01 9231.01 9231.01 5431.05 3620.70 2560.22 4048.07 13179.55 11449.66 1810.35 0.00 0.00 2560.22 1810.35 8096.13 11011.93 11449.66 1810.35 2560.22 4048.07 7680.66 6527.31 9051.75 10862.10 9051.75 9749.03 8096.13 9051.75 9051.75 9051.75 2560.22 9231.01 9749.03 9231.01 6527.31 10862.10 4048.07 11449.66 9749.03 
5120.44 8096.13 9051.75 7464.26 9749.03 7464.26 10862.10 3620.70 5431.05 7680.66 7241.40 6527.31 8096.13 6527.31 9051.75 9051.75 9051.75 9749.03 11011.93 6527.31 10862.10 9231.01 9051.75 7680.66 9051.75 9749.03 9051.75 8096.13 9231.01 4048.07 10862.10 12672.45 9749.03 7241.40 9231.01 4048.07 7464.26 7464.26 9051.75 7464.26 12672.45 9231.01 10862.10 12801.11 1810.35 11011.93 9749.03 8096.13 5724.83 5724.83 3620.70 3620.70 3620.70 4048.07 5431.05 5431.05 5724.83 4048.07 4048.07 4048.07 5431.05 9051.75 9231.01 9231.01 9231.01 5431.05 3620.70 2560.22 4048.07 13179.55 11449.66 1810.35 0.00 0.00 2560.22 1810.35 8096.13 11011.93 11449.66 1810.35 2560.22 4048.07 7680.66 6527.31 9051.75 10862.10 9051.75 9749.03 8096.13 9051.75 9051.75 9051.75 2560.22 9231.01 9749.03 9231.01 6527.31 10862.10 4048.07 11449.66 9749.03 
7680.66 10556.06 11591.90 9749.03 11011.93 9051.75 12801.11 5724.83 7464.26 10240.89 9231.01 9051.75 9231.01 9051.75 11591.90 11591.90 11591.90 12144.20 13179.55 9051.75 12801.11 11449.66 11591.90 10240.89 11591.90 12144.20 11011.93 10556.06 11449.66 6527.31 12801.11 14595.51 11011.93 9231.01 11449.66 6527.31 9051.75 9051.75 11591.90 9051.75 14595.51 10862.10 12801.11 14482.80 4048.07 13179.55 12144.20 10556.06 7241.40 7241.40 5724.83 5724.83 5724.83 6527.31 7464.26 7464.26 7241.40 6527.31 6527.31 6527.31 7464.26 11011.93 10862.10 10862.10 10862.10 7464.26 5724.83 5120.44 6527.31 14595.51 12801.11 1810.35 2560.22 2560.22 0.00 1810.35 10556.06 13179.55 12801.11 1810.35 5120.44 6527.31 10240.89 9051.75 11011.93 12801.11 11011.93 12144.20 10556.06 11011.93 11011.93 11011.93 5120.44 10862.10 11011.93 10862.10 9051.75 12801.11 6527.31 12801.11 12144.20 
6527.31 9051.75 10240.89 8096.13 9231.01 9231.01 12672.45 4048.07 5724.83 9051.75 9051.75 8096.13 9749.03 8096.13 10240.89 10240.89 10240.89 10556.06 11449.66 8096.13 12672.45 11011.93 10556.06 9051.75 10240.89 10556.06 9231.01 9749.03 9749.03 5724.83 11011.93 12801.11 9231.01 9051.75 9749.03 5724.83 7241.40 9231.01 10556.06 9231.01 12801.11 11011.93 11011.93 12672.45 3620.70 11449.66 10556.06 9051.75 7464.26 7464.26 5431.05 5431.05 5431.05 5724.83 5724.83 7241.40 7464.26 5724.83 5120.44 5724.83 7241.40 9231.01 9051.75 9051.75 9051.75 5724.83 5431.05 4048.07 5724.83 12801.11 11011.93 0.00 1810.35 1810.35 1810.35 0.00 9749.03 11449.66 11011.93 0.00 4048.07 5120.44 9051.75 8096.13 9231.01 11011.93 9231.01 11449.66 9749.03 9231.01 9231.01 9231.01 4048.07 9051.75 9231.01 9051.75 8096.13 12672.45 5120.44 11011.93 11449.66 
3620.70 5120.44 4048.07 6527.31 12144.20 5431.05 5120.44 7241.40 7464.26 2560.22 3620.70 1810.35 7241.40 1810.35 4048.07 4048.07 4048.07 6527.31 9051.75 1810.35 5120.44 2560.22 1810.35 2560.22 4048.07 6527.31 9051.75 0.00 7680.66 4048.07 10240.89 11591.90 12144.20 3620.70 7680.66 4048.07 9749.03 5431.05 1810.35 5431.05 11591.90 5724.83 10240.89 12801.11 6527.31 9051.75 6527.31 5120.44 5724.83 5724.83 5120.44 5120.44 5120.44 4048.07 7464.26 4048.07 5724.83 4048.07 5431.05 4048.07 4048.07 9051.75 10556.06 10556.06 10556.06 7464.26 5120.44 5724.83 4048.07 14139.29 13054.62 9749.03 8096.13 8096.13 10556.06 9749.03 0.00 9051.75 13054.62 9749.03 5724.83 5431.05 2560.22 1810.35 9051.75 10240.89 9051.75 1810.35 0.00 9051.75 9051.75 9051.75 5724.83 10556.06 12144.20 10556.06 1810.35 5120.44 5431.05 13054.62 1810.35 
7464.26 4048.07 5120.44 3620.70 5724.83 13787.22 14139.29 7464.26 5724.83 6527.31 12144.20 8096.13 15467.64 8096.13 5120.44 5120.44 5120.44 2560.22 0.00 8096.13 14139.29 11591.90 7680.66 6527.31 5120.44 2560.22 2560.22 9051.75 1810.35 9231.01 1810.35 2560.22 5724.83 12144.20 1810.35 9231.01 5120.44 13787.22 7680.66 13787.22 2560.22 14595.51 1810.35 4048.07 10862.10 0.00 2560.22 4048.07 13179.55 13179.55 11011.93 11011.93 11011.93 9231.01 5724.83 11449.66 13179.55 9231.01 7241.40 9231.01 11449.66 2560.22 4048.07 4048.07 4048.07 5724.83 11011.93 9051.75 9231.01 5724.83 5431.05 11449.66 11011.93 11011.93 13179.55 11449.66 9051.75 0.00 5431.05 11449.66 9051.75 7241.40 6527.31 8096.13 2560.22 1810.35 2560.22 10240.89 9051.75 2560.22 2560.22 2560.22 9051.75 4048.07 5724.83 4048.07 8096.13 14139.29 7241.40 5431.05 10240.89 
10240.89 8096.13 9749.03 6527.31 1810.35 16690.60 18103.50 8096.13 6527.31 10556.06 15361.33 11591.90 18103.50 11591.90 9749.03 9749.03 9749.03 7464.26 5431.05 11591.90 18103.50 15573.22 12144.20 10556.06 9749.03 7464.26 4048.07 13054.62 5724.83 11591.90 3620.70 4048.07 1810.35 15361.33 5724.83 11591.90 4048.07 16690.60 12144.20 16690.60 4048.07 17921.55 3620.70 2560.22 12144.20 5431.05 7464.26 8096.13 15573.22 15573.22 13054.62 13054.62 13054.62 11591.90 6527.31 14139.29 15573.22 11591.90 9051.75 11591.90 14139.29 4048.07 2560.22 2560.22 2560.22 6527.31 13054.62 10556.06 11591.90 1810.35 0.00 11011.93 11449.66 11449.66 12801.11 11011.93 13054.62 5431.05 0.00 11011.93 10556.06 9051.75 10556.06 11591.90 4048.07 3620.70 4048.07 14595.51 13054.62 4048.07 4048.07 4048.07 10556.06 2560.22 1810.35 2560.22 11591.90 18103.50 9051.75 0.00 14595.51 
6527.31 9051.75 10240.89 8096.13 9231.01 9231.01 12672.45 4048.07 5724.83 9051.75 9051.75 8096.13 9749.03 8096.13 10240.89 10240.89 10240.89 10556.06 11449.66 8096.13 12672.45 11011.93 10556.06 9051.75 10240.89 10556.06 9231.01 9749.03 9749.03 5724.83 11011.93 12801.11 9231.01 9051.75 9749.03 5724.83 7241.40 9231.01 10556.06 9231.01 12801.11 11011.93 11011.93 12672.45 3620.70 11449.66 10556.06 9051.75 7464.26 7464.26 5431.05 5431.05 5431.05 5724.83 5724.83 7241.40 7464.26 5724.83 5120.44 5724.83 7241.40 9231.01 9051.75 9051.75 9051.75 5724.83 5431.05 4048.07 5724.83 12801.11 11011.93 0.00 1810.35 1810.35 1810.35 0.00 9749.03 11449.66 11011.93 0.00 4048.07 5120.44 9051.75 8096.13 9231.01 11011.93 9231.01 11449.66 9749.03 9231.01 9231.01 9231.01 4048.07 9051.75 9231.01 9051.75 8096.13 12672.45 5120.44 11011.93 11449.66 
2560.22 5724.83 6527.31 5431.05 9051.75 6527.31 9231.01 2560.22 4048.07 5120.44 5724.83 4048.07 7680.66 4048.07 6527.31 6527.31 6527.31 7464.26 9051.75 4048.07 9231.01 7241.40 6527.31 5120.44 6527.31 7464.26 7464.26 5724.83 7241.40 1810.35 9231.01 11011.93 9051.75 5724.83 7241.40 1810.35 6527.31 6527.31 6527.31 6527.31 11011.93 8096.13 9231.01 11449.66 1810.35 9051.75 7464.26 5724.83 5120.44 5120.44 2560.22 2560.22 2560.22 1810.35 4048.07 4048.07 5120.44 1810.35 1810.35 1810.35 4048.07 7464.26 8096.13 8096.13 8096.13 4048.07 2560.22 0.00 1810.35 12144.20 10556.06 4048.07 2560.22 2560.22 5120.44 4048.07 5724.83 9051.75 10556.06 4048.07 0.00 1810.35 5120.44 4048.07 7464.26 9231.01 7464.26 7464.26 5724.83 7464.26 7464.26 7464.26 0.00 8096.13 9051.75 8096.13 4048.07 9231.01 1810.35 10556.06 7464.26 
1810.35 4048.07 5120.44 3620.70 7680.66 7680.66 9749.03 1810.35 2560.22 4048.07 6527.31 3620.70 9051.75 3620.70 5120.44 5120.44 5120.44 5724.83 7241.40 3620.70 9749.03 7464.26 5724.83 4048.07 5120.44 5724.83 5724.83 5431.05 5431.05 2560.22 7464.26 9231.01 7680.66 6527.31 5431.05 2560.22 5120.44 7680.66 5724.83 7680.66 9231.01 9051.75 7464.26 9749.03 3620.70 7241.40 5724.83 4048.07 6527.31 6527.31 4048.07 4048.07 4048.07 2560.22 2560.22 5120.44 6527.31 2560.22 0.00 2560.22 5120.44 5724.83 6527.31 6527.31 6527.31 2560.22 4048.07 1810.35 2560.22 10556.06 9051.75 5120.44 4048.07 4048.07 6527.31 5120.44 5431.05 7241.40 9051.75 5120.44 1810.35 0.00 4048.07 3620.70 5724.83 7464.26 5724.83 7241.40 5431.05 5724.83 5724.83 5724.83 1810.35 6527.31 7680.66 6527.31 3620.70 9749.03 0.00 9051.75 7241.40 
2560.22 2560.22 1810.35 4048.07 9749.03 7464.26 7680.66 5724.83 5431.05 0.00 5724.83 1810.35 9231.01 1810.35 1810.35 1810.35 1810.35 4048.07 6527.31 1810.35 7680.66 5120.44 1810.35 0.00 1810.35 4048.07 6527.31 2560.22 5120.44 4048.07 7680.66 9051.75 9749.03 5724.83 5120.44 4048.07 7464.26 7464.26 1810.35 7464.26 9051.75 8096.13 7680.66 10240.89 6527.31 6527.31 4048.07 2560.22 7241.40 7241.40 5724.83 5724.83 5724.83 4048.07 5431.05 5431.05 7241.40 4048.07 4048.07 4048.07 5431.05 6527.31 8096.13 8096.13 8096.13 5431.05 5724.83 5120.44 4048.07 11591.90 10556.06 9051.75 7680.66 7680.66 10240.89 9051.75 2560.22 6527.31 10556.06 9051.75 5120.44 4048.07 0.00 1810.35 6527.31 7680.66 6527.31 4048.07 2560.22 6527.31 6527.31 6527.31 5120.44 8096.13 9749.03 8096.13 1810.35 7680.66 4048.07 10556.06 4048.07 
1810.35 4048.07 3620.70 5120.44 10556.06 5724.83 6527.31 5431.05 5724.83 1810.35 4048.07 0.00 7464.26 0.00 3620.70 3620.70 3620.70 5724.83 8096.13 0.00 6527.31 4048.07 2560.22 1810.35 3620.70 5724.83 7680.66 1810.35 6527.31 2560.22 9051.75 10556.06 10556.06 4048.07 6527.31 2560.22 8096.13 5724.83 2560.22 5724.83 10556.06 6527.31 9051.75 11591.90 5120.44 8096.13 5724.83 4048.07 5431.05 5431.05 4048.07 4048.07 4048.07 2560.22 5724.83 3620.70 5431.05 2560.22 3620.70 2560.22 3620.70 7680.66 9051.75 9051.75 9051.75 5724.83 4048.07 4048.07 2560.22 12801.11 11591.90 8096.13 6527.31 6527.31 9051.75 8096.13 1810.35 8096.13 11591.90 8096.13 4048.07 3620.70 1810.35 0.00 7680.66 9051.75 7680.66 3620.70 1810.35 7680.66 7680.66 7680.66 4048.07 9051.75 10556.06 9051.75 0.00 6527.31 3620.70 11591.90 3620.70 
6527.31 4048.07 5724.83 2560.22 3620.70 13054.62 14139.29 5431.05 3620.70 6527.31 11591.90 7680.66 14595.51 7680.66 5724.83 5724.83 5724.83 3620.70 2560.22 7680.66 14139.29 11591.90 8096.13 6527.31 5724.83 3620.70 0.00 9051.75 1810.35 8096.13 1810.35 3620.70 3620.70 11591.90 1810.35 8096.13 2560.22 13054.62 8096.13 13054.62 3620.70 14139.29 1810.35 4048.07 9231.01 2560.22 3620.70 4048.07 12144.20 12144.20 9749.03 9749.03 9749.03 8096.13 3620.70 10556.06 12144.20 8096.13 5724.83 8096.13 10556.06 0.00 1810.35 1810.35 1810.35 3620.70 9749.03 7464.26 8096.13 5120.44 4048.07 9231.01 9051.75 9051.75 11011.93 9231.01 9051.75 2560.22 4048.07 9231.01 7464.26 5724.83 6527.31 7680.66 0.00 1810.35 0.00 10556.06 9051.75 0.00 0.00 0.00 7464.26 1810.35 3620.70 1810.35 7680.66 14139.29 5724.83 4048.07 10556.06 
8096.13 5120.44 6527.31 4048.07 4048.07 14595.51 15361.33 7241.40 5431.05 7680.66 13054.62 9051.75 16192.26 9051.75 6527.31 6527.31 6527.31 4048.07 1810.35 9051.75 15361.33 12801.11 9051.75 7680.66 6527.31 4048.07 1810.35 10240.89 2560.22 9749.03 0.00 1810.35 4048.07 13054.62 2560.22 9749.03 4048.07 14595.51 9051.75 14595.51 1810.35 15573.22 0.00 2560.22 11011.93 1810.35 4048.07 5120.44 13787.22 13787.22 11449.66 11449.66 11449.66 9749.03 5431.05 12144.20 13787.22 9749.03 7464.26 9749.03 12144.20 1810.35 2560.22 2560.22 2560.22 5431.05 11449.66 9231.01 9749.03 4048.07 3620.70 11011.93 10862.10 10862.10 12801.11 11011.93 10240.89 1810.35 3620.70 11011.93 9231.01 7464.26 7680.66 9051.75 1810.35 0.00 1810.35 11591.90 10240.89 1810.35 1810.35 1810.35 9231.01 2560.22 4048.07 2560.22 9051.75 15361.33 7464.26 3620.70 11591.90 
6527.31 4048.07 5724.83 2560.22 3620.70 13054.62 14139.29 5431.05 3620.70 6527.31 11591.90 7680.66 14595.51 7680.66 5724.83 5724.83 5724.83 3620.70 2560.22 7680.66 14139.29 11591.90 8096.13 6527.31 5724.83 3620.70 0.00 9051.75 1810.35 8096.13 1810.35 3620.70 3620.70 11591.90 1810.35 8096.13 2560.22 13054.62 8096.13 13054.62 3620.70 14139.29 1810.35 4048.07 9231.01 2560.22 3620.70 4048.07 12144.20 12144.20 9749.03 9749.03 9749.03 8096.13 3620.70 10556.06 12144.20 8096.13 5724.83 8096.13 10556.06 0.00 1810.35 1810.35 1810.35 3620.70 9749.03 7464.26 8096.13 5120.44 4048.07 9231.01 9051.75 9051.75 11011.93 9231.01 9051.75 2560.22 4048.07 9231.01 7464.26 5724.83 6527.31 7680.66 0.00 1810.35 0.00 10556.06 9051.75 0.00 0.00 0.00 7464.26 1810.35 3620.70 1810.35 7680.66 14139.29 5724.83 4048.07 10556.06 
5431.05 6527.31 5120.44 8096.13 13787.22 5724.83 4048.07 9051.75 9231.01 4048.07 4048.07 3620.70 7464.26 3620.70 5120.44 5120.44 5120.44 7680.66 10240.89 3620.70 4048.07 1810.35 2560.22 4048.07 5120.44 7680.66 10556.06 1810.35 9051.75 5724.83 11591.90 12801.11 13787.22 4048.07 9051.75 5724.83 11449.66 5724.83 2560.22 5724.83 12801.11 5431.05 11591.90 14139.29 8096.13 10240.89 7680.66 6527.31 6527.31 6527.31 6527.31 6527.31 6527.31 5724.83 9231.01 5120.44 6527.31 5724.83 7241.40 5724.83 5120.44 10556.06 12144.20 12144.20 12144.20 9231.01 6527.31 7464.26 5724.83 15573.22 14595.51 11449.66 9749.03 9749.03 12144.20 11449.66 1810.35 10240.89 14595.51 11449.66 7464.26 7241.40 4048.07 3620.70 10556.06 11591.90 10556.06 0.00 1810.35 10556.06 10556.06 10556.06 7464.26 12144.20 13787.22 12144.20 3620.70 4048.07 7241.40 14595.51 0.00 
3620.70 5120.44 4048.07 6527.31 12144.20 5431.05 5120.44 7241.40 7464.26 2560.22 3620.70 1810.35 7241.40 1810.35 4048.07 4048.07 4048.07 6527.31 9051.75 1810.35 5120.44 2560.22 1810.35 2560.22 4048.07 6527.31 9051.75 0.00 7680.66 4048.07 10240.89 11591.90 12144.20 3620.70 7680.66 4048.07 9749.03 5431.05 1810.35 5431.05 11591.90 5724.83 10240.89 12801.11 6527.31 9051.75 6527.31 5120.44 5724.83 5724.83 5120.44 5120.44 5120.44 4048.07 7464.26 4048.07 5724.83 4048.07 5431.05 4048.07 4048.07 9051.75 10556.06 10556.06 10556.06 7464.26 5120.44 5724.83 4048.07 14139.29 13054.62 9749.03 8096.13 8096.13 10556.06 9749.03 0.00 9051.75 13054.62 9749.03 5724.83 5431.05 2560.22 1810.35 9051.75 10240.89 9051.75 1810.35 0.00 9051.75 9051.75 9051.75 5724.83 10556.06 12144.20 10556.06 1810.35 5120.44 5431.05 13054.62 1810.35 
6527.31 4048.07 5724.83 2560.22 3620.70 13054.62 14139.29 5431.05 3620.70 6527.31 11591.90 7680.66 14595.51 7680.66 5724.83 5724.83 5724.83 3620.70 2560.22 7680.66 14139.29 11591.90 8096.13 6527.31 5724.83 3620.70 0.00 9051.75 1810.35 8096.13 1810.35 3620.70 3620.70 11591.90 1810.35 8096.13 2560.22 13054.62 8096.13 13054.62 3620.70 14139.29 1810.35 4048.07 9231.01 2560.22 3620.70 4048.07 12144.20 12144.20 9749.03 9749.03 9749.03 8096.13 3620.70 10556.06 12144.20 8096.13 5724.83 8096.13 10556.06 0.00 1810.35 1810.35 1810.35 3620.70 9749.03 7464.26 8096.13 5120.44 4048.07 9231.01 9051.75 9051.75 11011.93 9231.01 9051.75 2560.22 4048.07 9231.01 7464.26 5724.83 6527.31 7680.66 0.00 1810.35 0.00 10556.06 9051.75 0.00 0.00 0.00 7464.26 1810.35 3620.70 1810.35 7680.66 14139.29 5724.83 4048.07 10556.06 
6527.31 4048.07 5724.83 2560.22 3620.70 13054.62 14139.29 5431.05 3620.70 6527.31 11591.90 7680.66 14595.51 7680.66 5724.83 5724.83 5724.83 3620.70 2560.22 7680.66 14139.29 11591.90 8096.13 6527.31 5724.83 3620.70 0.00 9051.75 1810.35 8096.13 1810.35 3620.70 3620.70 11591.90 1810.35 8096.13 2560.22 13054.62 8096.13 13054.62 3620.70 14139.29 1810.35 4048.07 9231.01 2560.22 3620.70 4048.07 12144.20 12144.20 9749.03 9749.03 9749.03 8096.13 3620.70 10556.06 12144.20 8096.13 5724.83 8096.13 10556.06 0.00 1810.35 1810.35 1810.35 3620.70 9749.03 7464.26 8096.13 5120.44 4048.07 9231.01 9051.75 9051.75 11011.93 9231.01 9051.75 2560.22 4048.07 9231.01 7464.26 5724.83 6527.31 7680.66 0.00 1810.35 0.00 10556.06 9051.75 0.00 0.00 0.00 7464.26 1810.35 3620.70 1810.35 7680.66 14139.29 5724.83 4048.07 10556.06 
6527.31 4048.07 5724.83 2560.22 3620.70 13054.62 14139.29 5431.05 3620.70 6527.31 11591.90 7680.66 14595.51 7680.66 5724.83 5724.83 5724.83 3620.70 2560.22 7680.66 14139.29 11591.90 8096.13 6527.31 5724.83 3620.70 0.00 9051.75 1810.35 8096.13 1810.35 3620.70 3620.70 11591.90 1810.35 8096.13 2560.22 13054.62 8096.13 13054.62 3620.70 14139.29 1810.35 4048.07 9231.01 2560.22 3620.70 4048.07 12144.20 12144.20 9749.03 9749.03 9749.03 8096.13 3620.70 10556.06 12144.20 8096.13 5724.83 8096.13 10556.06 0.00 1810.35 1810.35 1810.35 3620.70 9749.03 7464.26 8096.13 5120.44 4048.07 9231.01 9051.75 9051.75 11011.93 9231.01 9051.75 2560.22 4048.07 9231.01 7464.26 5724.83 6527.31 7680.66 0.00 1810.35 0.00 10556.06 9051.75 0.00 0.00 0.00 7464.26 1810.35 3620.70 1810.35 7680.66 14139.29 5724.83 4048.07 10556.06 
2560.22 5724.83 6527.31 5431.05 9051.75 6527.31 9231.01 2560.22 4048.07 5120.44 5724.83 4048.07 7680.66 4048.07 6527.31 6527.31 6527.31 7464.26 9051.75 4048.07 9231.01 7241.40 6527.31 5120.44 6527.31 7464.26 7464.26 5724.83 7241.40 1810.35 9231.01 11011.93 9051.75 5724.83 7241.40 1810.35 6527.31 6527.31 6527.31 6527.31 11011.93 8096.13 9231.01 11449.66 1810.35 9051.75 7464.26 5724.83 5120.44 5120.44 2560.22 2560.22 2560.22 1810.35 4048.07 4048.07 5120.44 1810.35 1810.35 1810.35 4048.07 7464.26 8096.13 8096.13 8096.13 4048.07 2560.22 0.00 1810.35 12144.20 10556.06 4048.07 2560.22 2560.22 5120.44 4048.07 5724.83 9051.75 10556.06 4048.07 0.00 1810.35 5120.44 4048.07 7464.26 9231.01 7464.26 7464.26 5724.83 7464.26 7464.26 7464.26 0.00 8096.13 9051.75 8096.13 4048.07 9231.01 1810.35 10556.06 7464.26 
7680.66 5724.83 7464.26 4048.07 1810.35 14139.29 15573.22 5724.83 4048.07 8096.13 12801.11 9051.75 15573.22 9051.75 7464.26 7464.26 7464.26 5431.05 4048.07 9051.75 15573.22 13054.62 9749.03 8096.13 7464.26 5431.05 1810.35 10556.06 3620.70 9051.75 2560.22 4048.07 1810.35 12801.11 3620.70 9051.75 1810.35 14139.29 9749.03 14139.29 4048.07 15361.33 2560.22 3620.70 9749.03 4048.07 5431.05 5724.83 13054.62 13054.62 10556.06 10556.06 10556.06 9051.75 4048.07 11591.90 13054.62 9051.75 6527.31 9051.75 11591.90 1810.35 0.00 0.00 0.00 4048.07 10556.06 8096.13 9051.75 4048.07 2560.22 9051.75 9231.01 9231.01 10862.10 9051.75 10556.06 4048.07 2560.22 9051.75 8096.13 6527.31 8096.13 9051.75 1810.35 2560.22 1810.35 12144.20 10556.06 1810.35 1810.35 1810.35 8096.13 0.00 1810.35 0.00 9051.75 15573.22 6527.31 2560.22 12144.20 
9051.75 7464.26 9231.01 5724.83 0.00 15361.33 17078.81 6527.31 5120.44 9749.03 14139.29 10556.06 16690.60 10556.06 9231.01 9231.01 9231.01 7241.40 5724.83 10556.06 17078.81 14595.51 11449.66 9749.03 9231.01 7241.40 3620.70 12144.20 5431.05 10240.89 4048.07 5120.44 0.00 14139.29 5431.05 10240.89 2560.22 15361.33 11449.66 15361.33 5120.44 16690.60 4048.07 4048.07 10556.06 5724.83 7241.40 7464.26 14139.29 14139.29 11591.90 11591.90 11591.90 10240.89 5120.44 12801.11 14139.29 10240.89 7680.66 10240.89 12801.11 3620.70 1810.35 1810.35 1810.35 5120.44 11591.90 9051.75 10240.89 3620.70 1810.35 9231.01 9749.03 9749.03 11011.93 9231.01 12144.20 5724.83 1810.35 9231.01 9051.75 7680.66 9749.03 10556.06 3620.70 4048.07 3620.70 13787.22 12144.20 3620.70 3620.70 3620.70 9051.75 1810.35 0.00 1810.35 10556.06 17078.81 7680.66 1810.35 13787.22 
7680.66 5724.83 7464.26 4048.07 1810.35 14139.29 15573.22 5724.83 4048.07 8096.13 12801.11 9051.75 15573.22 9051.75 7464.26 7464.26 7464.26 5431.05 4048.07 9051.75 15573.22 13054.62 9749.03 8096.13 7464.26 5431.05 1810.35 10556.06 3620.70 9051.75 2560.22 4048.07 1810.35 12801.11 3620.70 9051.75 1810.35 14139.29 9749.03 14139.29 4048.07 15361.33 2560.22 3620.70 9749.03 4048.07 5431.05 5724.83 13054.62 13054.62 10556.06 10556.06 10556.06 9051.75 4048.07 11591.90 13054.62 9051.75 6527.31 9051.75 11591.90 1810.35 0.00 0.00 0.00 4048.07 10556.06 8096.13 9051.75 4048.07 2560.22 9051.75 9231.01 9231.01 10862.10 9051.75 10556.06 4048.07 2560.22 9051.75 8096.13 6527.31 8096.13 9051.75 1810.35 2560.22 1810.35 12144.20 10556.06 1810.35 1810.35 1810.35 8096.13 0.00 1810.35 0.00 9051.75 15573.22 6527.31 2560.22 12144.20 
1810.35 4048.07 3620.70 5120.44 10556.06 5724.83 6527.31 5431.05 5724.83 1810.35 4048.07 0.00 7464.26 0.00 3620.70 3620.70 3620.70 5724.83 8096.13 0.00 6527.31 4048.07 2560.22 1810.35 3620.70 5724.83 7680.66 1810.35 6527.31 2560.22 9051.75 10556.06 10556.06 4048.07 6527.31 2560.22 8096.13 5724.83 2560.22 5724.83 10556.06 6527.31 9051.75 11591.90 5120.44 8096.13 5724.83 4048.07 5431.05 5431.05 4048.07 4048.07 4048.07 2560.22 5724.83 3620.70 5431.05 2560.22 3620.70 2560.22 3620.70 7680.66 9051.75 9051.75 9051.75 5724.83 4048.07 4048.07 2560.22 12801.11 11591.90 8096.13 6527.31 6527.31 9051.75 8096.13 1810.35 8096.13 11591.90 8096.13 4048.07 3620.70 1810.35 0.00 7680.66 9051.75 7680.66 3620.70 1810.35 7680.66 7680.66 7680.66 4048.07 9051.75 10556.06 9051.75 0.00 6527.31 3620.70 11591.90 3620.70 
8096.13 10240.89 9051.75 11591.90 17078.81 4048.07 0.00 11449.66 12144.20 7680.66 3620.70 6527.31 5120.44 6527.31 9051.75 9051.75 9051.75 11591.90 14139.29 6527.31 0.00 2560.22 6527.31 7680.66 9051.75 11591.90 14139.29 5120.44 12801.11 7464.26 15361.33 16690.60 17078.81 3620.70 12801.11 7464.26 14595.51 4048.07 6527.31 4048.07 16690.60 2560.22 15361.33 17921.55 9051.75 14139.29 11591.90 10240.89 5724.83 5724.83 7241.40 7241.40 7241.40 7464.26 12144.20 5431.05 5724.83 7464.26 9749.03 7464.26 5431.05 14139.29 15573.22 15573.22 15573.22 12144.20 7241.40 9231.01 7464.26 19244.28 18103.50 12672.45 10862.10 10862.10 12801.11 12672.45 5120.44 14139.29 18103.50 12672.45 9231.01 9749.03 7680.66 6527.31 14139.29 15361.33 14139.29 4048.07 5120.44 14139.29 14139.29 14139.29 9231.01 15573.22 17078.81 15573.22 6527.31 0.00 9749.03 18103.50 4048.07 
1810.35 4048.07 5120.44 3620.70 7680.66 7680.66 9749.03 1810.35 2560.22 4048.07 6527.31 3620.70 9051.75 3620.70 5120.44 5120.44 5120.44 5724.83 7241.40 3620.70 9749.03 7464.26 5724.83 4048.07 5120.44 5724.83 5724.83 5431.05 5431.05 2560.22 7464.26 9231.01 7680.66 6527.31 5431.05 2560.22 5120.44 7680.66 5724.83 7680.66 9231.01 9051.75 7464.26 9749.03 3620.70 7241.40 5724.83 4048.07 6527.31 6527.31 4048.07 4048.07 4048.07 2560.22 2560.22 5120.44 6527.31 2560.22 0.00 2560.22 5120.44 5724.83 6527.31 6527.31 6527.31 2560.22 4048.07 1810.35 2560.22 10556.06 9051.75 5120.44 4048.07 4048.07 6527.31 5120.44 5431.05 7241.40 9051.75 5120.44 1810.35 0.00 4048.07 3620.70 5724.83 7464.26 5724.83 7241.40 5431.05 5724.83 5724.83 5724.83 1810.35 6527.31 7680.66 6527.31 3620.70 9749.03 0.00 9051.75 7241.40 
10240.89 8096.13 9749.03 6527.31 1810.35 16690.60 18103.50 8096.13 6527.31 10556.06 15361.33 11591.90 18103.50 11591.90 9749.03 9749.03 9749.03 7464.26 5431.05 11591.90 18103.50 15573.22 12144.20 10556.06 9749.03 7464.26 4048.07 13054.62 5724.83 11591.90 3620.70 4048.07 1810.35 15361.33 5724.83 11591.90 4048.07 16690.60 12144.20 16690.60 4048.07 17921.55 3620.70 2560.22 12144.20 5431.05 7464.26 8096.13 15573.22 15573.22 13054.62 13054.62 13054.62 11591.90 6527.31 14139.29 15573.22 11591.90 9051.75 11591.90 14139.29 4048.07 2560.22 2560.22 2560.22 6527.31 13054.62 10556.06 11591.90 1810.35 0.00 11011.93 11449.66 11449.66 12801.11 11011.93 13054.62 5431.05 0.00 11011.93 10556.06 9051.75 10556.06 11591.90 4048.07 3620.70 4048.07 14595.51 13054.62 4048.07 4048.07 4048.07 10556.06 2560.22 1810.35 2560.22 11591.90 18103.50 9051.75 0.00 14595.51 
5431.05 6527.31 5120.44 8096.13 13787.22 5724.83 4048.07 9051.75 9231.01 4048.07 4048.07 3620.70 7464.26 3620.70 5120.44 5120.44 5120.44 7680.66 10240.89 3620.70 4048.07 1810.35 2560.22 4048.07 5120.44 7680.66 10556.06 1810.35 9051.75 5724.83 11591.90 12801.11 13787.22 4048.07 9051.75 5724.83 11449.66 5724.83 2560.22 5724.83 12801.11 5431.05 11591.90 14139.29 8096.13 10240.89 7680.66 6527.31 6527.31 6527.31 6527.31 6527.31 6527.31 5724.83 9231.01 5120.44 6527.31 5724.83 7241.40 5724.83 5120.44 10556.06 12144.20 12144.20 12144.20 9231.01 6527.31 7464.26 5724.83 15573.22 14595.51 11449.66 9749.03 9749.03 12144.20 11449.66 1810.35 10240.89 14595.51 11449.66 7464.26 7241.40 4048.07 3620.70 10556.06 11591.90 10556.06 0.00 1810.35 10556.06 10556.06 10556.06 7464.26 12144.20 13787.22 12144.20 3620.70 4048.07 7241.40 14595.51 0.00 
